0.23 
0.50 
0.63 
0.70 
0.92 
1.13 
1.25 
1.25 
1.10 
0.88 
0.91 
0.98 
0.93 
0.88 
0.70 
0.80 
0.94 
0.94 
1.10 
1.13 
0.99 
0.88 
0.66 
0.65 
0.69 
0.62 
0.80 
0.93 
0.88 
0.88 
0.89 
0.70 
0.80 
0.88 
0.70 
0.80 
0.88 
0.88 
0.88 
0.88 
0.88 
0.66 
0.62 
0.50 
0.44 
0.44 
0.50 
0.62 
0.79 
0.69 
0.44 
0.22 
0.23 
0.32 
0.50 
0.66 
0.91 
0.99 
1.10 
1.25 
1.29 
1.40 
1.56 
1.54 
1.56 
1.77 
1.88 
1.88 
1.88 
1.73 
1.59 
1.68 
1.62 
1.58 
1.56 
1.53 
1.56 
1.63 
1.63 
1.70 
1.77 
1.74 
1.64 
1.56 
1.53 
1.53 
1.56 
1.56 
1.53 
1.53 
1.40 
1.49 
1.56 
1.53 
1.52 
1.52 
1.52 
1.50 
1.52 
1.53 
1.53 
1.33 
1.32 
1.32 
1.35 
1.40 
1.29 
1.25 
1.33 
1.33 
1.33 
1.33 
1.13 
1.20 
1.29 
1.33 
1.32 
1.10 
1.10 
1.13 
1.18 
1.29 
1.32 
1.33 
1.29 
1.19 
1.13 
1.11 
1.10 
1.13 
1.13 
1.10 
0.94 
0.99 
0.91 
0.88 
0.88 
0.88 
0.98 
0.91 
0.88 
0.81 
0.70 
0.66 
0.49 
0.31 
0.23 
0.32 
0.45 
0.66 
0.89 
0.88 
0.88 
0.89 
0.88 
0.88 
0.89 
1.10 
1.33 
1.32 
1.29 
1.19 
1.12 
1.32 
1.32 
1.33 
1.54 
1.58 
1.53 
1.52 
1.58 
1.70 
1.74 
1.74 
1.77 
1.70 
1.65 
1.74 
1.87 
2.00 
2.15 
2.06 
1.95 
1.95 
1.95 
1.98 
2.05 
2.16 
2.05 
1.98 
1.95 
1.95 
1.95 
1.95 
1.88 
1.80 
1.77 
1.87 
1.95 
1.95 
1.87 
1.79 
1.86 
1.87 
1.74 
1.66 
1.70 
1.77 
1.77 
1.68 
1.78 
1.87 
1.86 
1.87 
1.79 
1.68 
1.56 
1.61 
1.64 
1.64 
1.66 
1.70 
1.77 
1.68 
1.74 
1.74 
1.61 
1.56 
1.56 
1.54 
1.56 
1.61 
1.68 
1.74 
1.74 
1.75 
1.77 
1.77 
1.77 
1.76 
1.77 
1.69 
1.61 
1.56 
1.56 
1.54 
1.48 
1.40 
1.34 
1.33 
1.32 
1.34 
1.40 
1.29 
1.40 
1.35 
1.29 
1.19 
1.13 
1.29 
1.19 
1.12 
1.32 
1.32 
1.29 
1.40 
1.34 
1.25 
1.29 
1.19 
1.13 
0.99 
0.80 
0.62 
0.44 
0.21 
0.23 
0.32 
0.50 
0.66 
0.91 
0.99 
1.10 
1.25 
1.33 
1.54 
1.55 
1.55 
1.49 
1.40 
1.56 
1.74 
1.70 
1.65 
1.74 
1.74 
1.74 
1.86 
1.86 
1.80 
1.88 
2.00 
2.00 
2.00 
2.15 
2.16 
2.15 
2.19 
2.25 
2.20 
2.17 
2.25 
2.36 
2.41 
2.41 
2.41 
2.43 
2.33 
2.26 
2.37 
2.41 
2.41 
2.41 
2.38 
2.28 
2.21 
2.19 
2.17 
2.17 
2.17 
2.29 
2.36 
2.25 
2.16 
2.00 
1.88 
1.91 
1.98 
1.95 
1.90 
2.00 
2.00 
2.01 
2.05 
1.98 
1.83 
1.89 
1.98 
1.77 
1.78 
1.82 
1.68 
1.78 
1.82 
1.89 
1.98 
1.77 
1.78 
1.82 
1.88 
1.97 
1.77 
1.77 
1.99 
1.99 
1.77 
1.77 
1.77 
1.77 
1.77 
1.77 
1.77 
1.77 
1.77 
1.77 
1.98 
1.89 
1.82 
1.78 
1.77 
1.76 
1.68 
1.60 
1.56 
1.54 
1.55 
1.48 
1.40 
1.35 
1.32 
1.55 
1.48 
1.40 
1.34 
1.32 
1.54 
1.49 
1.40 
1.56 
1.47 
1.40 
1.34 
1.32 
1.55 
1.60 
1.49 
1.40 
1.35 
1.25 
1.29 
1.20 
1.13 
1.10 
1.11 
1.25 
1.10 
0.98 
1.12 
1.25 
1.11 
0.99 
1.13 
1.10 
0.94 
0.99 
0.94 
0.79 
0.63 
0.44 
0.21 
0.31 
0.50 
0.66 
0.91 
1.19 
1.29 
1.41 
1.49 
1.40 
1.56 
1.56 
1.54 
1.77 
1.77 
1.77 
1.98 
1.89 
1.82 
2.00 
1.99 
1.99 
2.15 
2.16 
2.09 
2.25 
2.36 
2.30 
2.26 
2.38 
2.29 
2.19 
2.26 
2.37 
2.48 
2.52 
2.39 
2.27 
2.37 
2.42 
2.48 
2.52 
2.40 
2.28 
2.38 
2.40 
2.40 
2.38 
2.18 
1.98 
1.91 
2.05 
2.19 
2.16 
2.16 
2.16 
2.09 
1.97 
2.04 
2.09 
1.97 
2.08 
2.21 
2.10 
1.98 
1.91 
2.04 
2.10 
1.98 
2.03 
2.09 
1.97 
2.04 
2.09 
1.97 
1.99 
2.01 
1.82 
1.89 
1.98 
1.77 
1.78 
1.82 
1.89 
1.97 
2.04 
2.10 
1.98 
1.98 
1.99 
1.98 
1.98 
1.77 
1.77 
1.77 
1.77 
1.77 
1.77 
1.77 
1.77 
1.77 
1.79 
1.78 
1.77 
1.77 
1.77 
1.99 
1.98 
1.98 
1.89 
1.61 
1.56 
1.68 
1.61 
1.56 
1.68 
1.61 
1.56 
1.55 
1.55 
1.69 
1.61 
1.56 
1.55 
1.54 
1.68 
1.60 
1.56 
1.54 
1.56 
1.69 
1.61 
1.56 
1.68 
1.61 
1.56 
1.59 
1.49 
1.40 
1.56 
1.54 
1.56 
1.48 
1.40 
1.56 
1.42 
1.29 
1.40 
1.56 
1.41 
1.25 
1.29 
1.19 
1.13 
1.25 
1.10 
0.98 
1.12 
1.25 
1.11 
0.94 
0.94 
0.94 
0.80 
0.70 
0.88 
0.89 
0.66 
0.45 
0.32 
0.45 
0.63 
0.44 
0.21 
0.31 
0.50 
0.66 
0.91 
0.99 
1.10 
1.25 
1.34 
1.61 
1.68 
1.77 
1.77 
1.77 
1.99 
1.99 
1.97 
2.05 
2.02 
1.97 
2.09 
2.25 
2.17 
2.10 
2.26 
2.17 
2.10 
2.26 
2.17 
2.09 
2.20 
2.27 
2.17 
2.09 
2.30 
2.51 
2.47 
2.38 
2.42 
2.48 
2.35 
2.19 
2.21 
2.28 
2.38 
2.49 
2.34 
2.19 
2.19 
2.19 
2.19 
2.19 
2.19 
2.17 
2.17 
2.17 
2.29 
2.38 
2.26 
2.10 
1.98 
2.04 
2.09 
1.97 
2.08 
2.20 
2.18 
2.09 
1.97 
2.04 
2.10 
1.98 
2.04 
2.10 
1.98 
1.99 
2.00 
1.82 
1.89 
1.97 
1.82 
1.89 
1.98 
1.98 
1.99 
1.77 
1.79 
1.82 
1.89 
1.97 
1.77 
1.78 
1.82 
1.89 
1.98 
1.99 
1.99 
1.77 
1.77 
1.99 
1.99 
1.99 
1.99 
1.77 
1.77 
1.99 
2.00 
1.82 
1.82 
1.78 
1.77 
1.99 
1.99 
1.97 
1.89 
1.82 
1.79 
1.77 
1.98 
1.89 
1.83 
1.78 
1.77 
1.77 
1.68 
1.82 
1.77 
1.77 
1.98 
1.89 
1.83 
1.78 
1.68 
1.82 
1.78 
1.68 
1.61 
1.56 
1.68 
1.82 
1.77 
1.69 
1.62 
1.56 
1.68 
1.82 
1.78 
1.68 
1.82 
1.72 
1.59 
1.68 
1.82 
1.73 
1.57 
1.60 
1.49 
1.40 
1.56 
1.56 
1.42 
1.29 
1.40 
1.56 
1.42 
1.25 
1.29 
1.40 
1.34 
1.25 
1.25 
1.25 
1.25 
1.10 
0.93 
0.93 
0.93 
0.93 
0.79 
0.69 
0.88 
0.88 
0.69 
0.62 
0.69 
0.88 
0.94 
0.88 
0.69 
0.62 
0.62 
0.50 
0.23 
0.31 
0.49 
0.66 
0.69 
0.79 
1.10 
1.25 
1.41 
1.56 
1.62 
1.68 
1.77 
1.98 
2.20 
2.08 
1.97 
1.88 
1.82 
2.00 
2.21 
2.17 
2.10 
2.21 
2.08 
1.97 
2.09 
2.04 
1.97 
2.09 
2.21 
2.28 
2.18 
2.10 
2.19 
2.19 
2.21 
2.08 
1.98 
2.10 
2.19 
2.21 
2.08 
1.97 
2.09 
2.18 
2.18 
2.18 
2.18 
2.18 
2.09 
1.97 
1.90 
1.87 
2.04 
2.19 
2.19 
2.10 
1.98 
1.91 
2.04 
2.10 
1.98 
2.09 
2.21 
2.09 
1.97 
1.82 
1.89 
1.97 
2.04 
2.10 
1.98 
2.04 
2.10 
1.98 
1.98 
1.98 
1.77 
1.79 
1.82 
1.68 
1.78 
1.83 
1.89 
1.98 
1.77 
1.77 
1.77 
1.77 
1.76 
1.56 
1.61 
1.69 
1.77 
1.77 
1.76 
1.77 
1.79 
1.77 
1.54 
1.54 
1.77 
1.77 
1.78 
1.82 
1.82 
1.77 
1.77 
1.77 
1.77 
1.77 
1.76 
1.77 
1.68 
1.82 
1.78 
1.77 
1.77 
1.77 
1.77 
1.77 
1.99 
1.99 
1.98 
1.89 
1.82 
1.78 
1.68 
1.82 
1.78 
1.68 
1.82 
1.78 
1.68 
1.82 
1.78 
1.77 
1.77 
1.68 
1.82 
1.73 
1.59 
1.68 
1.82 
1.77 
1.68 
1.82 
1.78 
1.69 
1.82 
1.88 
1.73 
1.59 
1.68 
1.82 
1.87 
1.73 
1.59 
1.68 
1.82 
1.73 
1.56 
1.59 
1.68 
1.60 
1.56 
1.57 
1.57 
1.42 
1.29 
1.40 
1.56 
1.56 
1.42 
1.25 
1.25 
1.25 
1.25 
1.25 
1.29 
1.19 
0.99 
0.94 
0.94 
0.99 
1.13 
1.34 
1.40 
1.29 
1.10 
0.94 
0.94 
0.94 
0.94 
0.94 
0.94 
0.94 
0.94 
0.94 
0.80 
0.63 
0.63 
0.66 
0.66 
0.44 
0.22 
0.31 
0.49 
0.66 
0.69 
0.79 
0.88 
0.91 
0.99 
1.10 
1.25 
1.41 
1.56 
1.61 
1.68 
1.77 
1.97 
1.88 
1.82 
2.00 
2.21 
2.08 
1.98 
2.10 
2.04 
1.97 
2.09 
2.20 
2.08 
1.97 
2.09 
2.04 
1.88 
1.91 
1.98 
1.89 
1.83 
1.91 
1.98 
2.10 
2.04 
1.87 
1.90 
1.97 
2.09 
2.18 
2.04 
1.87 
1.87 
1.87 
1.87 
1.87 
1.87 
2.04 
2.18 
2.18 
2.09 
1.97 
1.90 
1.87 
1.87 
1.87 
2.04 
2.10 
1.98 
2.08 
2.21 
2.10 
1.98 
1.82 
1.89 
1.97 
1.90 
2.04 
2.09 
1.97 
1.99 
2.01 
1.83 
1.89 
1.98 
1.77 
1.76 
1.77 
1.56 
1.61 
1.68 
1.56 
1.62 
1.69 
1.77 
1.77 
1.78 
1.82 
1.89 
1.97 
1.77 
1.77 
1.77 
1.77 
1.77 
1.54 
1.55 
1.56 
1.61 
1.82 
1.79 
1.77 
1.76 
1.56 
1.61 
1.61 
1.56 
1.55 
1.54 
1.77 
1.77 
1.76 
1.77 
1.77 
1.77 
1.77 
1.77 
1.68 
1.82 
1.77 
1.77 
1.77 
1.77 
1.77 
1.77 
1.97 
1.89 
1.82 
1.78 
1.68 
1.82 
1.78 
1.69 
1.83 
1.78 
1.68 
1.82 
1.78 
1.68 
1.82 
1.72 
1.59 
1.68 
1.82 
1.77 
1.69 
1.83 
1.78 
1.68 
1.82 
1.87 
1.73 
1.59 
1.68 
1.82 
1.73 
1.59 
1.68 
1.82 
1.88 
1.73 
1.60 
1.69 
1.83 
1.73 
1.56 
1.59 
1.68 
1.82 
1.73 
1.56 
1.56 
1.56 
1.56 
1.59 
1.68 
1.60 
1.56 
1.56 
1.56 
1.56 
1.56 
1.56 
1.56 
1.59 
1.59 
1.56 
1.56 
1.56 
1.56 
1.41 
1.25 
1.25 
1.25 
1.25 
1.25 
1.41 
1.56 
1.56 
1.40 
1.29 
1.13 
0.99 
0.94 
0.91 
0.66 
0.44 
0.22 
0.31 
0.50 
0.66 
0.66 
0.66 
0.66 
0.66 
0.69 
0.79 
1.10 
1.13 
1.19 
1.29 
1.41 
1.56 
1.73 
1.82 
1.89 
1.88 
1.82 
1.98 
2.10 
2.04 
2.01 
2.19 
2.04 
1.90 
1.97 
2.09 
2.04 
1.97 
2.09 
2.04 
1.88 
1.91 
1.98 
2.10 
2.04 
1.91 
1.98 
2.10 
2.04 
1.87 
1.87 
1.90 
1.97 
2.09 
2.04 
1.87 
1.87 
1.87 
1.87 
1.87 
1.87 
1.87 
1.87 
1.82 
1.68 
1.78 
1.90 
1.87 
1.87 
1.87 
1.87 
1.82 
1.68 
1.78 
1.91 
2.04 
2.10 
1.98 
1.82 
1.68 
1.59 
1.73 
1.82 
1.89 
1.97 
1.82 
1.89 
1.98 
1.76 
1.77 
1.82 
1.68 
1.77 
1.82 
1.89 
1.97 
1.77 
1.77 
1.77 
1.77 
1.82 
1.68 
1.78 
1.82 
1.89 
1.97 
1.77 
1.77 
1.77 
1.77 
1.77 
1.78 
1.82 
1.82 
1.78 
1.77 
1.76 
1.77 
1.82 
1.83 
1.78 
1.77 
1.77 
1.68 
1.61 
1.56 
1.54 
1.55 
1.77 
1.77 
1.78 
1.83 
1.82 
1.78 
1.77 
1.77 
1.77 
1.77 
1.68 
1.82 
1.78 
1.76 
1.97 
1.89 
1.82 
1.78 
1.77 
1.98 
1.89 
1.82 
1.90 
1.78 
1.68 
1.60 
1.56 
1.68 
1.82 
1.78 
1.69 
1.83 
1.73 
1.59 
1.68 
1.82 
1.78 
1.68 
1.82 
1.90 
1.78 
1.68 
1.82 
1.88 
1.88 
1.73 
1.60 
1.69 
1.83 
1.73 
1.56 
1.59 
1.68 
1.82 
1.90 
1.78 
1.68 
1.82 
1.87 
1.87 
1.72 
1.56 
1.56 
1.56 
1.59 
1.68 
1.60 
1.56 
1.73 
1.88 
1.73 
1.57 
1.57 
1.57 
1.57 
1.57 
1.57 
1.60 
1.69 
1.69 
1.60 
1.57 
1.57 
1.57 
1.57 
1.57 
1.57 
1.56 
1.40 
1.29 
1.25 
1.25 
1.25 
1.25 
1.41 
1.56 
1.56 
1.40 
1.29 
1.25 
1.25 
1.25 
1.25 
1.10 
0.80 
0.50 
0.22 
0.31 
0.50 
0.69 
0.91 
0.88 
0.88 
1.11 
1.10 
0.98 
0.91 
0.88 
0.88 
0.89 
0.88 
0.88 
0.88 
0.91 
0.99 
1.11 
1.25 
1.42 
1.56 
1.61 
1.88 
1.97 
1.99 
1.99 
1.97 
2.09 
2.03 
1.98 
2.10 
2.04 
1.98 
2.10 
2.19 
2.04 
1.90 
1.97 
1.89 
1.82 
1.90 
1.78 
1.68 
1.82 
1.88 
1.73 
1.60 
1.69 
1.83 
1.73 
1.56 
1.56 
1.56 
1.59 
1.68 
1.82 
1.73 
1.56 
1.56 
1.56 
1.56 
1.73 
1.87 
1.87 
1.87 
1.87 
1.87 
1.87 
1.87 
1.87 
1.87 
1.82 
1.68 
1.59 
1.73 
1.83 
1.89 
1.98 
1.91 
1.82 
1.68 
1.59 
1.73 
1.82 
1.68 
1.78 
1.82 
1.68 
1.78 
1.83 
1.69 
1.78 
1.91 
1.77 
1.77 
1.82 
1.89 
1.97 
1.77 
1.77 
1.77 
1.77 
1.82 
1.89 
1.97 
1.77 
1.77 
1.77 
1.56 
1.61 
1.69 
1.77 
1.77 
1.76 
1.77 
1.78 
1.82 
1.89 
1.88 
1.82 
1.78 
1.77 
1.77 
1.77 
1.77 
1.77 
1.77 
1.77 
1.77 
1.69 
1.83 
1.78 
1.77 
1.77 
1.77 
1.76 
1.77 
1.77 
1.77 
1.98 
1.89 
1.82 
1.78 
1.68 
1.61 
1.56 
1.77 
1.77 
1.69 
1.83 
1.78 
1.68 
1.82 
1.78 
1.68 
1.60 
1.56 
1.68 
1.82 
1.78 
1.77 
1.91 
1.78 
1.68 
1.82 
1.90 
1.78 
1.68 
1.82 
1.90 
1.97 
1.89 
1.82 
1.91 
1.98 
1.89 
1.82 
1.88 
1.88 
1.91 
1.78 
1.68 
1.82 
1.90 
1.97 
1.89 
1.82 
1.87 
1.87 
1.87 
1.90 
1.77 
1.68 
1.82 
1.88 
1.88 
1.88 
1.73 
1.57 
1.60 
1.69 
1.83 
1.88 
1.88 
1.88 
1.88 
1.88 
1.88 
1.88 
1.88 
1.88 
1.88 
1.88 
1.73 
1.56 
1.56 
1.56 
1.73 
1.88 
1.88 
1.82 
1.69 
1.60 
1.57 
1.57 
1.73 
1.82 
1.68 
1.59 
1.56 
1.56 
1.56 
1.56 
1.60 
1.68 
1.56 
1.40 
1.29 
1.25 
1.29 
1.13 
0.99 
0.80 
0.50 
0.23 
0.31 
0.49 
0.69 
0.91 
1.10 
1.10 
0.99 
1.13 
1.10 
1.10 
1.10 
1.10 
1.10 
1.10 
1.13 
1.19 
1.29 
1.35 
1.61 
1.68 
1.78 
1.91 
1.99 
1.99 
1.98 
1.89 
1.82 
1.97 
1.89 
1.82 
2.01 
1.99 
1.91 
1.98 
1.89 
1.82 
1.91 
1.78 
1.68 
1.82 
1.90 
1.78 
1.68 
1.82 
1.97 
2.09 
2.04 
1.88 
1.88 
1.91 
1.78 
1.69 
1.83 
1.88 
1.88 
1.88 
1.73 
1.56 
1.56 
1.59 
1.68 
1.82 
1.87 
1.87 
1.82 
1.68 
1.59 
1.56 
1.56 
1.56 
1.73 
1.88 
1.88 
1.83 
1.89 
1.98 
1.91 
1.82 
1.68 
1.59 
1.73 
1.82 
1.89 
1.97 
1.90 
1.82 
1.68 
1.78 
1.83 
1.89 
1.98 
1.82 
1.88 
1.97 
1.82 
1.89 
1.97 
1.77 
1.79 
1.78 
1.77 
1.77 
1.56 
1.61 
1.68 
1.77 
1.77 
1.79 
1.83 
1.69 
1.77 
1.77 
1.78 
1.82 
1.89 
1.97 
1.97 
1.89 
1.82 
1.78 
1.77 
1.77 
1.77 
1.77 
1.77 
1.77 
1.77 
1.77 
1.68 
1.60 
1.56 
1.54 
1.54 
1.77 
1.77 
1.77 
1.76 
1.77 
1.77 
1.69 
1.61 
1.56 
1.68 
1.61 
1.56 
1.77 
1.77 
1.77 
1.77 
1.69 
1.83 
1.78 
1.77 
1.97 
1.89 
1.82 
1.90 
1.77 
1.68 
1.82 
1.78 
1.69 
1.83 
1.78 
1.68 
1.82 
1.90 
1.97 
1.89 
1.82 
1.90 
1.97 
1.89 
1.82 
1.88 
1.88 
1.91 
1.78 
1.69 
1.83 
1.91 
1.78 
1.68 
1.82 
1.87 
1.90 
1.78 
1.68 
1.82 
1.87 
1.87 
1.90 
1.77 
1.68 
1.82 
1.88 
1.88 
1.91 
1.98 
1.89 
1.83 
1.88 
1.88 
1.88 
1.88 
1.88 
1.88 
1.91 
1.78 
1.68 
1.59 
1.56 
1.56 
1.59 
1.68 
1.59 
1.56 
1.56 
1.56 
1.56 
1.56 
1.56 
1.73 
1.88 
1.91 
1.98 
1.98 
1.91 
2.04 
2.16 
2.16 
2.10 
1.98 
1.91 
1.88 
1.88 
1.91 
1.98 
1.95 
2.06 
2.17 
1.99 
1.77 
1.56 
1.40 
1.29 
1.25 
1.12 
0.98 
0.88 
0.91 
0.99 
1.10 
1.13 
0.99 
0.89 
0.88 
0.79 
0.49 
0.22 
0.22 
0.32 
0.50 
0.71 
0.89 
0.79 
0.70 
0.66 
0.66 
0.66 
0.66 
0.88 
0.88 
0.89 
0.88 
0.91 
1.20 
1.29 
1.42 
1.56 
1.73 
1.88 
1.82 
1.98 
1.89 
1.83 
2.01 
1.99 
1.90 
1.97 
1.89 
1.82 
1.90 
1.77 
1.68 
1.82 
1.77 
1.69 
1.83 
1.88 
1.73 
1.59 
1.68 
1.61 
1.56 
1.56 
1.59 
1.68 
1.82 
1.87 
1.73 
1.56 
1.56 
1.56 
1.59 
1.68 
1.60 
1.56 
1.57 
1.57 
1.57 
1.60 
1.69 
1.82 
1.69 
1.78 
1.91 
1.88 
1.88 
1.88 
1.88 
1.88 
1.82 
1.89 
1.97 
1.90 
1.87 
2.04 
2.09 
1.97 
1.82 
1.68 
1.78 
1.91 
1.83 
1.69 
1.78 
1.82 
1.88 
1.97 
1.82 
1.89 
1.97 
1.77 
1.78 
1.83 
1.69 
1.77 
1.77 
1.77 
1.77 
1.78 
1.82 
1.89 
1.98 
1.77 
1.77 
1.77 
1.76 
1.77 
1.78 
1.82 
1.89 
1.98 
1.99 
1.99 
1.99 
1.99 
1.76 
1.77 
1.77 
1.77 
1.77 
1.77 
1.98 
1.99 
1.97 
1.89 
1.82 
1.78 
1.69 
1.61 
1.56 
1.49 
1.40 
1.56 
1.55 
1.54 
1.54 
1.55 
1.77 
1.77 
1.77 
1.77 
1.77 
1.97 
1.89 
1.82 
1.77 
1.69 
1.82 
1.78 
1.68 
1.82 
1.78 
1.68 
1.82 
1.77 
1.68 
1.82 
1.98 
1.89 
1.82 
1.98 
1.89 
1.82 
1.87 
1.90 
1.78 
1.68 
1.82 
1.97 
2.09 
2.04 
1.91 
1.98 
2.10 
2.04 
1.88 
1.88 
1.91 
1.78 
1.68 
1.82 
1.87 
1.90 
1.78 
1.68 
1.82 
1.87 
1.87 
1.72 
1.59 
1.68 
1.82 
1.88 
1.88 
1.91 
1.98 
1.89 
1.83 
1.88 
1.88 
1.88 
1.88 
1.88 
1.88 
1.88 
1.73 
1.56 
1.73 
1.88 
1.91 
1.78 
1.68 
1.82 
2.00 
1.97 
1.90 
1.87 
1.87 
2.04 
2.19 
2.19 
2.19 
2.19 
2.19 
2.19 
2.10 
1.98 
1.91 
1.88 
2.04 
2.10 
1.98 
2.08 
2.21 
2.19 
2.09 
1.97 
1.90 
2.04 
2.09 
1.97 
1.90 
2.04 
2.10 
1.98 
1.77 
1.56 
1.40 
1.48 
1.59 
1.55 
1.56 
1.56 
1.40 
1.29 
1.10 
1.10 
1.10 
0.88 
0.66 
0.66 
0.70 
0.63 
0.50 
0.23 
0.22 
0.31 
0.50 
0.45 
0.44 
0.66 
0.70 
0.80 
0.88 
0.91 
1.19 
1.29 
1.42 
1.56 
1.61 
1.68 
1.68 
1.82 
1.97 
1.89 
1.82 
1.77 
1.69 
1.83 
1.73 
1.59 
1.68 
1.61 
1.56 
1.59 
1.68 
1.60 
1.56 
1.59 
1.48 
1.40 
1.56 
1.60 
1.69 
1.82 
1.73 
1.56 
1.56 
1.56 
1.56 
1.59 
1.68 
1.82 
1.73 
1.56 
1.56 
1.56 
1.59 
1.68 
1.82 
1.87 
1.87 
1.87 
1.87 
1.87 
1.87 
1.87 
1.87 
2.04 
2.16 
2.16 
2.16 
2.09 
1.97 
2.04 
2.10 
1.98 
1.91 
2.04 
2.10 
1.98 
1.91 
2.01 
2.05 
1.97 
1.99 
2.00 
1.82 
1.89 
1.98 
1.82 
1.89 
1.98 
1.77 
1.78 
1.82 
1.89 
1.97 
1.99 
1.99 
1.98 
1.99 
1.76 
1.76 
1.77 
1.77 
1.77 
1.77 
1.77 
1.77 
1.77 
1.79 
1.82 
1.89 
1.97 
1.99 
1.99 
1.98 
1.99 
1.77 
1.76 
1.77 
1.68 
1.82 
1.79 
1.77 
1.77 
1.77 
1.98 
1.89 
1.83 
1.79 
1.77 
1.77 
1.76 
1.97 
1.88 
1.82 
1.78 
1.77 
1.77 
1.68 
1.82 
1.78 
1.77 
1.77 
1.77 
1.98 
1.89 
1.83 
1.98 
1.89 
1.82 
1.97 
2.09 
2.04 
1.97 
2.09 
2.03 
1.98 
2.10 
2.04 
1.91 
1.98 
2.10 
2.04 
1.97 
2.09 
2.04 
1.87 
1.90 
1.97 
2.09 
2.04 
1.91 
1.98 
2.10 
2.21 
2.08 
1.98 
2.10 
2.19 
2.21 
2.08 
1.97 
2.09 
2.20 
2.08 
1.97 
2.09 
2.19 
2.19 
2.19 
2.04 
1.88 
1.91 
1.98 
1.89 
1.83 
1.88 
1.88 
1.91 
1.98 
2.10 
2.04 
1.90 
1.97 
1.90 
1.87 
1.87 
1.87 
1.87 
1.87 
1.90 
1.97 
2.09 
2.16 
2.29 
2.41 
2.38 
2.28 
2.21 
2.19 
2.10 
1.98 
1.91 
1.88 
2.04 
2.19 
2.19 
2.10 
1.98 
2.03 
2.09 
1.97 
1.90 
2.04 
2.18 
2.09 
1.97 
1.90 
1.87 
2.04 
2.10 
1.98 
2.04 
2.10 
1.98 
1.77 
1.79 
1.82 
1.68 
1.54 
1.55 
1.56 
1.61 
1.69 
1.56 
1.33 
1.13 
1.19 
1.29 
1.10 
1.10 
1.10 
0.94 
0.79 
0.49 
0.22 
0.23 
0.31 
0.44 
0.66 
0.70 
0.80 
0.93 
1.10 
1.41 
1.55 
1.56 
1.77 
1.77 
1.68 
1.82 
1.78 
1.76 
1.87 
1.73 
1.59 
1.48 
1.40 
1.56 
1.60 
1.69 
1.61 
1.56 
1.59 
1.68 
1.61 
1.56 
1.59 
1.68 
1.82 
1.72 
1.56 
1.59 
1.56 
1.59 
1.48 
1.40 
1.56 
1.57 
1.57 
1.60 
1.57 
1.60 
1.69 
1.77 
1.77 
1.70 
1.56 
1.73 
1.88 
1.91 
1.95 
1.95 
1.95 
1.91 
1.88 
1.88 
2.01 
2.05 
1.98 
1.95 
1.95 
1.98 
1.88 
1.91 
1.98 
1.95 
2.02 
2.05 
1.97 
1.82 
1.89 
1.98 
1.88 
1.91 
1.98 
2.02 
2.05 
1.97 
2.02 
2.05 
1.98 
1.99 
1.99 
1.77 
1.77 
1.77 
1.78 
1.82 
1.68 
1.77 
1.76 
1.77 
1.77 
1.77 
1.77 
1.77 
1.77 
1.78 
1.82 
1.89 
1.98 
1.98 
1.89 
1.82 
1.78 
1.77 
1.76 
1.77 
1.77 
1.77 
1.99 
1.99 
1.99 
1.99 
1.97 
1.89 
1.82 
1.99 
1.98 
1.99 
1.99 
1.97 
1.89 
1.82 
1.78 
1.77 
1.98 
2.10 
2.04 
2.01 
1.99 
1.97 
1.89 
1.82 
2.00 
2.21 
2.18 
2.10 
2.04 
2.01 
2.21 
2.28 
2.17 
2.09 
2.25 
2.17 
2.09 
2.25 
2.17 
2.10 
2.26 
2.38 
2.52 
2.47 
2.38 
2.30 
2.25 
2.37 
2.50 
2.52 
2.58 
2.48 
2.38 
2.50 
2.52 
2.40 
2.28 
2.38 
2.50 
2.35 
2.21 
2.28 
2.38 
2.31 
2.18 
2.18 
2.18 
2.20 
2.08 
1.97 
2.09 
2.19 
2.04 
1.88 
1.88 
1.88 
1.88 
1.91 
1.98 
2.10 
2.26 
2.17 
2.10 
2.31 
2.50 
2.50 
2.35 
2.19 
2.19 
2.19 
2.10 
1.98 
1.91 
1.88 
1.88 
1.88 
1.88 
1.88 
2.04 
2.19 
2.19 
2.19 
2.10 
1.98 
1.91 
1.88 
1.88 
2.04 
2.19 
2.09 
1.97 
1.90 
1.87 
2.04 
2.18 
2.22 
2.26 
2.10 
1.98 
1.91 
2.04 
2.19 
2.19 
2.10 
1.98 
2.04 
2.09 
2.17 
2.21 
1.99 
2.04 
2.10 
1.98 
1.77 
1.56 
1.60 
1.68 
1.76 
1.77 
1.56 
1.40 
1.49 
1.54 
1.32 
1.32 
1.33 
1.29 
1.20 
0.91 
0.66 
0.66 
0.66 
0.44 
0.21 
0.23 
0.31 
0.49 
0.70 
0.91 
1.10 
1.12 
1.19 
1.40 
1.34 
1.33 
1.55 
1.77 
1.77 
1.69 
1.70 
1.62 
1.58 
1.62 
1.62 
1.58 
1.56 
1.64 
1.74 
1.70 
1.56 
1.59 
1.68 
1.60 
1.56 
1.60 
1.63 
1.63 
1.66 
1.64 
1.56 
1.56 
1.59 
1.49 
1.40 
1.56 
1.53 
1.58 
1.65 
1.74 
1.86 
1.87 
1.87 
1.73 
1.56 
1.56 
1.59 
1.68 
1.77 
1.74 
1.65 
1.62 
1.62 
1.70 
1.76 
1.76 
1.76 
1.74 
1.75 
1.80 
1.77 
1.77 
1.74 
1.66 
1.70 
1.77 
1.87 
1.88 
1.80 
1.77 
1.86 
1.87 
1.79 
1.86 
1.88 
1.80 
1.77 
1.86 
1.86 
1.86 
1.88 
1.80 
1.86 
1.87 
1.86 
1.88 
1.80 
1.86 
1.86 
1.87 
1.86 
1.86 
1.86 
1.86 
1.86 
1.86 
1.86 
1.86 
1.87 
1.86 
1.86 
1.87 
1.87 
1.82 
1.79 
1.77 
1.76 
1.77 
1.77 
1.77 
1.77 
1.77 
1.98 
1.99 
1.98 
1.92 
1.88 
1.87 
1.83 
1.98 
1.89 
1.82 
2.00 
1.99 
1.98 
1.99 
1.98 
2.10 
2.04 
2.01 
2.21 
2.21 
2.21 
2.36 
2.30 
2.25 
2.36 
2.31 
2.25 
2.43 
2.33 
2.26 
2.37 
2.51 
2.50 
2.48 
2.57 
2.53 
2.48 
2.57 
2.70 
2.82 
2.75 
2.71 
2.83 
2.88 
2.76 
2.67 
2.80 
2.82 
2.66 
2.52 
2.58 
2.48 
2.38 
2.50 
2.52 
2.58 
2.48 
2.38 
2.52 
2.69 
2.65 
2.58 
2.65 
2.67 
2.57 
2.48 
2.50 
2.52 
2.58 
2.65 
2.66 
2.57 
2.48 
2.50 
2.50 
2.50 
2.52 
2.58 
2.52 
2.50 
2.34 
2.19 
2.19 
2.34 
2.50 
2.48 
2.38 
2.17 
1.98 
1.91 
1.88 
2.04 
2.19 
2.19 
2.19 
2.19 
2.19 
2.19 
2.09 
1.97 
1.90 
1.87 
2.04 
2.18 
2.09 
1.97 
1.90 
1.82 
1.89 
1.98 
1.91 
1.88 
1.88 
2.04 
2.10 
2.18 
2.28 
2.09 
1.91 
2.05 
2.19 
2.31 
2.37 
2.27 
2.39 
2.52 
2.38 
2.21 
1.99 
1.99 
2.01 
1.82 
1.88 
1.97 
1.77 
1.77 
1.76 
1.54 
1.32 
1.34 
1.40 
1.48 
1.56 
1.33 
1.33 
1.33 
1.10 
0.99 
0.91 
0.66 
0.63 
0.50 
0.23 
0.31 
0.49 
0.69 
0.91 
0.94 
0.99 
0.91 
0.88 
1.10 
1.29 
1.40 
1.56 
1.56 
1.56 
1.56 
1.42 
1.25 
1.29 
1.40 
1.56 
1.59 
1.66 
1.56 
1.53 
1.53 
1.53 
1.52 
1.50 
1.50 
1.50 
1.50 
1.51 
1.52 
1.53 
1.53 
1.52 
1.50 
1.50 
1.50 
1.50 
1.50 
1.50 
1.50 
1.50 
1.50 
1.52 
1.53 
1.53 
1.53 
1.53 
1.53 
1.56 
1.56 
1.53 
1.58 
1.62 
1.62 
1.64 
1.65 
1.62 
1.64 
1.64 
1.64 
1.66 
1.70 
1.74 
1.65 
1.62 
1.66 
1.64 
1.64 
1.66 
1.70 
1.74 
1.74 
1.74 
1.65 
1.70 
1.74 
1.74 
1.74 
1.74 
1.74 
1.74 
1.74 
1.74 
1.74 
1.74 
1.74 
1.74 
1.74 
1.75 
1.88 
1.86 
1.86 
1.87 
1.82 
1.79 
1.77 
1.99 
1.99 
1.99 
1.99 
1.98 
1.89 
1.82 
2.00 
2.15 
2.11 
2.05 
2.17 
2.15 
2.16 
2.19 
2.10 
2.05 
2.16 
2.26 
2.20 
2.17 
2.25 
2.36 
2.33 
2.25 
2.36 
2.33 
2.25 
2.36 
2.32 
2.32 
2.49 
2.58 
2.53 
2.42 
2.48 
2.57 
2.53 
2.50 
2.49 
2.49 
2.67 
2.82 
2.93 
2.89 
2.82 
2.75 
2.65 
2.65 
2.65 
2.66 
2.72 
2.64 
2.57 
2.70 
2.82 
2.70 
2.58 
2.65 
2.65 
2.65 
2.53 
2.41 
2.41 
2.42 
2.49 
2.58 
2.65 
2.65 
2.53 
2.40 
2.40 
2.40 
2.40 
2.40 
2.37 
2.27 
2.20 
2.18 
2.18 
2.18 
2.18 
2.35 
2.48 
2.42 
2.41 
2.38 
2.28 
2.08 
1.90 
1.87 
2.04 
2.19 
2.19 
2.10 
1.98 
1.91 
1.88 
2.04 
2.10 
1.98 
1.91 
1.88 
1.88 
2.05 
2.19 
2.09 
1.97 
2.04 
2.09 
1.97 
1.90 
2.04 
2.19 
2.19 
2.01 
2.04 
2.10 
1.98 
2.08 
2.21 
1.99 
1.99 
1.99 
1.76 
1.77 
1.77 
1.56 
1.60 
1.68 
1.56 
1.61 
1.68 
1.77 
1.77 
1.48 
1.18 
1.13 
1.10 
1.10 
1.10 
0.98 
0.91 
0.66 
0.66 
0.66 
0.45 
0.23 
0.23 
0.50 
0.62 
0.62 
0.49 
0.31 
0.44 
0.44 
0.31 
0.50 
0.63 
0.63 
0.66 
0.71 
0.63 
0.70 
0.91 
1.13 
1.32 
1.13 
0.99 
0.94 
0.94 
0.94 
1.11 
1.25 
1.25 
1.42 
1.57 
1.57 
1.57 
1.57 
1.73 
1.88 
1.82 
1.68 
1.59 
1.73 
1.87 
1.82 
1.89 
1.97 
1.77 
1.56 
1.61 
1.69 
1.77 
1.82 
1.88 
1.97 
1.77 
1.78 
1.82 
1.68 
1.77 
1.77 
1.77 
1.82 
1.68 
1.77 
1.77 
1.77 
1.77 
1.77 
1.77 
1.77 
1.77 
1.76 
1.77 
1.77 
1.77 
1.78 
1.79 
1.77 
1.76 
1.77 
1.99 
1.98 
1.99 
2.22 
2.11 
1.98 
1.87 
1.77 
1.80 
1.76 
1.74 
1.87 
1.86 
1.77 
1.77 
1.80 
1.75 
1.74 
1.86 
1.95 
1.87 
1.77 
1.80 
1.75 
1.74 
1.86 
1.88 
1.91 
2.10 
2.33 
2.41 
2.36 
2.48 
2.41 
2.36 
2.40 
2.42 
2.33 
2.25 
2.36 
2.32 
2.26 
2.37 
2.33 
2.25 
2.36 
2.48 
2.41 
2.36 
2.50 
2.49 
2.41 
2.41 
2.42 
2.33 
2.26 
2.37 
2.41 
2.41 
2.29 
2.19 
2.25 
2.20 
2.16 
2.19 
2.25 
2.36 
2.48 
2.57 
2.65 
2.65 
2.65 
2.54 
2.41 
2.41 
2.41 
2.41 
2.41 
2.41 
2.41 
2.41 
2.41 
2.38 
2.28 
2.21 
2.19 
2.19 
2.16 
2.16 
2.10 
1.98 
2.09 
2.21 
2.19 
2.19 
2.19 
2.19 
2.19 
2.09 
1.97 
2.08 
2.20 
2.04 
1.87 
2.04 
2.09 
1.97 
1.90 
2.04 
2.19 
2.19 
2.19 
2.10 
2.17 
2.21 
2.00 
2.03 
2.09 
1.97 
1.99 
2.00 
1.82 
1.68 
1.78 
1.91 
2.04 
2.10 
1.98 
1.99 
1.99 
1.77 
1.77 
1.77 
1.77 
1.77 
1.56 
1.60 
1.68 
1.54 
1.55 
1.54 
1.55 
1.56 
1.35 
1.25 
1.10 
0.80 
0.69 
0.66 
0.62 
0.48 
0.21 
0.23 
1.56 
1.77 
1.87 
1.90 
1.78 
1.68 
1.82 
1.78 
1.77 
1.88 
1.91 
1.98 
2.10 
2.26 
2.44 
2.43 
2.43 
2.44 
2.47 
2.73 
2.80 
2.87 
2.87 
2.73 
2.49 
2.33 
2.19 
1.98 
1.87 
1.77 
1.63 
1.53 
1.52 
1.51 
1.52 
1.53 
1.58 
1.70 
1.86 
2.05 
2.16 
2.06 
1.95 
1.86 
1.79 
1.87 
1.98 
2.05 
2.02 
2.00 
2.16 
2.16 
2.17 
2.32 
2.41 
2.41 
2.41 
2.42 
2.48 
2.41 
2.37 
2.41 
2.41 
2.41 
2.41 
2.41 
2.41 
2.41 
2.29 
2.16 
2.16 
2.16 
2.16 
2.16 
2.16 
2.16 
2.18 
2.18 
2.16 
2.16 
2.16 
2.16 
2.16 
2.09 
1.97 
1.90 
1.87 
2.04 
2.19 
2.10 
1.98 
1.91 
1.88 
2.04 
2.19 
2.19 
2.19 
2.16 
2.28 
2.38 
2.28 
2.21 
2.22 
2.25 
2.09 
2.17 
2.26 
2.10 
2.17 
2.26 
2.10 
2.18 
2.21 
2.22 
2.21 
1.99 
1.99 
1.99 
1.77 
1.77 
1.77 
1.55 
1.54 
1.54 
1.55 
1.54 
1.32 
1.29 
1.20 
0.92 
0.88 
0.88 
0.66 
0.62 
0.49 
0.44 
0.44 
0.21 
0.23 
0.32 
0.49 
0.70 
0.92 
1.13 
1.35 
1.56 
0.31 
0.23 
0.32 
0.45 
0.66 
0.88 
0.88 
0.91 
1.19 
1.29 
1.42 
1.73 
2.04 
2.04 
1.90 
1.97 
1.98 
1.80 
1.70 
1.63 
1.53 
1.50 
1.50 
1.51 
1.58 
1.70 
1.86 
2.06 
2.26 
2.20 
2.16 
2.19 
2.25 
2.36 
2.40 
2.40 
2.29 
2.16 
2.16 
2.19 
2.25 
2.36 
2.40 
2.42 
2.32 
2.19 
2.19 
2.21 
2.21 
2.19 
2.19 
2.19 
2.19 
2.19 
2.19 
2.19 
2.16 
2.10 
1.98 
2.08 
2.21 
2.19 
2.19 
2.16 
2.09 
1.97 
2.08 
2.17 
2.05 
2.11 
2.19 
2.17 
2.17 
2.05 
2.10 
2.19 
2.10 
2.19 
2.25 
2.09 
2.17 
2.21 
2.21 
2.21 
1.99 
1.77 
1.77 
1.82 
1.82 
1.77 
1.54 
1.55 
1.55 
1.32 
1.33 
1.32 
1.11 
1.10 
1.10 
1.11 
1.11 
0.88 
0.91 
0.98 
0.88 
0.65 
0.66 
0.66 
0.50 
0.31 
0.31 
0.23 
0.23 
0.31 
0.44 
0.66 
0.88 
1.10 
1.34 
1.60 
1.88 
2.16 
2.19 
2.25 
2.20 
2.17 
2.25 
2.36 
2.40 
2.29 
2.16 
2.19 
2.25 
2.36 
2.50 
2.49 
2.42 
2.48 
2.41 
2.36 
2.40 
2.40 
2.40 
2.40 
2.36 
2.25 
2.19 
2.16 
2.16 
2.29 
2.41 
2.41 
2.37 
2.26 
2.19 
2.17 
2.05 
1.98 
2.01 
2.05 
1.98 
2.06 
2.16 
2.16 
2.05 
2.11 
2.19 
2.16 
2.05 
2.11 
2.19 
2.16 
2.00 
2.01 
2.05 
1.98 
2.01 
2.05 
1.97 
1.99 
1.99 
1.77 
1.79 
1.83 
1.69 
1.78 
1.91 
1.77 
1.79 
1.82 
1.68 
1.77 
1.77 
1.54 
1.55 
1.56 
1.40 
1.40 
1.34 
1.10 
1.10 
1.10 
0.88 
0.88 
0.88 
0.66 
0.44 
0.22 
0.63 
0.31 
0.22 
0.32 
0.50 
0.71 
0.91 
1.13 
1.33 
1.32 
1.34 
1.52 
1.58 
1.70 
1.86 
2.00 
2.00 
1.98 
2.05 
2.16 
2.17 
2.17 
2.17 
2.06 
1.98 
2.05 
2.16 
2.06 
1.98 
2.05 
2.16 
2.25 
2.36 
2.40 
2.29 
2.19 
2.25 
2.17 
2.05 
2.11 
2.19 
2.16 
2.16 
2.05 
2.11 
2.19 
2.15 
2.00 
2.01 
2.05 
1.98 
1.95 
1.88 
1.91 
1.98 
1.95 
1.95 
1.95 
2.01 
2.05 
1.98 
2.02 
2.05 
1.98 
1.95 
1.95 
2.04 
2.10 
1.98 
2.04 
2.10 
1.98 
1.91 
2.05 
2.19 
2.16 
1.99 
2.04 
2.09 
1.97 
1.99 
2.01 
1.83 
1.89 
1.98 
1.91 
2.03 
2.04 
1.77 
1.77 
1.77 
1.56 
1.40 
1.29 
1.33 
1.33 
1.13 
1.19 
1.29 
1.10 
0.99 
0.91 
0.89 
0.88 
0.88 
0.89 
0.80 
0.63 
0.31 
0.49 
0.70 
0.91 
1.13 
1.35 
1.55 
1.53 
1.51 
1.52 
1.56 
1.64 
1.75 
1.92 
2.11 
2.16 
2.15 
2.25 
2.17 
2.10 
2.28 
2.42 
2.32 
2.25 
2.17 
2.10 
2.17 
2.19 
2.26 
2.37 
2.36 
2.26 
2.17 
2.05 
2.10 
2.17 
2.05 
1.98 
2.01 
2.05 
1.98 
1.88 
1.80 
1.87 
1.95 
1.95 
1.95 
2.06 
2.17 
2.17 
2.16 
2.20 
2.25 
2.17 
2.05 
1.98 
1.91 
2.05 
2.16 
2.05 
1.98 
2.02 
2.05 
1.98 
2.06 
2.17 
2.17 
2.05 
2.10 
2.16 
2.00 
2.01 
2.05 
1.98 
2.06 
2.16 
2.05 
2.11 
2.17 
2.05 
1.98 
1.76 
1.56 
1.40 
1.47 
1.56 
1.40 
1.29 
1.42 
1.54 
1.55 
1.55 
1.54 
1.55 
1.54 
1.54 
1.55 
1.54 
1.55 
1.77 
1.77 
1.56 
1.60 
1.89 
1.97 
2.04 
2.04 
2.00 
1.99 
1.98 
1.99 
2.03 
2.30 
2.37 
2.38 
2.31 
2.25 
2.22 
1.99 
1.78 
1.56 
1.34 
1.13 
0.99 
0.79 
0.62 
0.45 
0.22 
0.31 
0.23 
0.31 
0.44 
0.66 
0.91 
1.19 
1.49 
1.59 
1.64 
1.74 
1.87 
1.95 
1.86 
1.80 
1.88 
1.86 
1.76 
1.79 
1.87 
1.95 
1.95 
1.95 
1.87 
1.79 
1.86 
1.95 
1.95 
1.88 
1.91 
1.98 
1.95 
1.95 
1.95 
2.02 
2.05 
1.98 
1.95 
1.88 
1.80 
1.87 
1.95 
1.87 
1.79 
1.74 
1.75 
1.80 
1.77 
1.86 
1.95 
1.95 
1.88 
1.91 
1.98 
1.95 
1.95 
1.95 
2.06 
2.16 
2.21 
2.26 
2.19 
2.10 
2.17 
2.25 
2.19 
2.10 
2.18 
2.25 
2.09 
2.18 
2.27 
2.20 
2.33 
2.42 
2.26 
2.31 
2.38 
2.26 
2.30 
2.38 
2.28 
2.40 
2.49 
2.49 
2.50 
2.48 
2.49 
2.32 
2.32 
2.32 
2.33 
2.53 
2.58 
2.57 
2.53 
2.49 
2.48 
2.50 
2.49 
2.49 
2.50 
2.48 
2.67 
2.67 
2.68 
2.65 
2.52 
2.39 
2.27 
2.33 
2.17 
1.97 
1.78 
1.59 
1.41 
1.25 
1.29 
1.10 
0.91 
0.71 
0.50 
0.31 
0.31 
0.31 
0.49 
0.66 
0.91 
1.19 
1.48 
1.59 
1.64 
1.64 
1.62 
1.65 
1.74 
1.76 
1.79 
1.87 
1.75 
1.65 
1.70 
1.76 
1.79 
1.87 
1.87 
1.79 
1.76 
1.76 
1.86 
1.95 
1.88 
1.80 
1.74 
1.75 
1.80 
1.77 
1.77 
1.77 
1.86 
1.88 
1.80 
1.77 
1.74 
1.75 
1.79 
1.76 
1.76 
1.86 
1.95 
1.88 
1.80 
1.86 
1.95 
1.95 
1.88 
1.92 
1.98 
1.95 
1.95 
1.95 
2.06 
2.16 
2.16 
2.20 
2.26 
2.19 
2.17 
2.29 
2.36 
2.25 
2.32 
2.42 
2.49 
2.49 
2.36 
2.25 
2.33 
2.42 
2.53 
2.58 
2.48 
2.50 
2.50 
2.49 
2.50 
2.53 
2.58 
2.58 
2.53 
2.50 
2.67 
2.64 
2.41 
2.36 
2.50 
2.50 
2.49 
2.58 
2.53 
2.33 
2.32 
2.48 
2.50 
2.48 
2.48 
2.50 
2.67 
2.64 
2.58 
2.47 
2.24 
2.09 
1.97 
1.78 
1.56 
1.40 
1.20 
0.99 
0.91 
0.69 
0.50 
0.31 
0.62 
0.31 
0.31 
0.22 
0.31 
0.50 
0.66 
0.92 
0.99 
1.11 
1.42 
1.57 
1.68 
1.77 
1.77 
1.77 
1.77 
1.77 
1.77 
1.74 
1.65 
1.62 
1.65 
1.75 
1.87 
1.79 
1.76 
1.76 
1.68 
1.75 
1.80 
1.77 
1.77 
1.86 
1.95 
1.95 
1.91 
1.82 
1.89 
1.97 
1.90 
2.04 
2.16 
2.04 
1.87 
2.02 
2.05 
1.97 
2.06 
2.17 
2.17 
2.10 
1.98 
2.08 
2.19 
2.16 
2.16 
2.20 
2.25 
2.19 
2.16 
2.16 
2.29 
2.40 
2.36 
2.41 
2.48 
2.37 
2.41 
2.49 
2.53 
2.57 
2.48 
2.50 
2.50 
2.53 
2.58 
2.64 
2.72 
2.53 
2.50 
2.49 
2.49 
2.50 
2.53 
2.70 
2.68 
2.49 
2.50 
2.68 
2.86 
2.86 
2.86 
2.86 
2.85 
2.86 
2.82 
2.75 
2.71 
2.87 
2.86 
2.81 
2.93 
3.06 
2.87 
2.65 
2.44 
2.25 
2.09 
1.88 
1.68 
1.54 
1.34 
1.12 
0.91 
0.80 
0.62 
0.94 
0.63 
0.31 
0.31 
0.49 
0.44 
0.49 
0.79 
0.89 
0.91 
1.20 
1.49 
1.77 
1.76 
1.68 
1.77 
1.77 
1.77 
1.77 
1.80 
1.82 
1.68 
1.59 
1.56 
1.59 
1.78 
1.95 
1.90 
1.87 
1.80 
1.68 
1.78 
1.90 
1.87 
1.79 
1.76 
1.86 
1.95 
1.95 
1.95 
2.06 
2.16 
2.16 
2.16 
2.05 
2.10 
2.19 
2.16 
2.16 
2.29 
2.36 
2.25 
2.19 
2.16 
2.29 
2.41 
2.37 
2.41 
2.49 
2.42 
2.36 
2.41 
2.48 
2.53 
2.57 
2.48 
2.53 
2.58 
2.49 
2.48 
2.33 
2.29 
2.17 
2.06 
1.98 
1.92 
1.88 
1.86 
1.88 
1.91 
1.98 
2.06 
2.16 
2.19 
2.33 
2.57 
2.68 
2.71 
2.71 
2.87 
3.05 
3.24 
3.24 
3.25 
3.24 
3.17 
3.31 
3.28 
3.25 
3.10 
2.88 
2.69 
2.52 
2.31 
2.10 
1.98 
1.78 
1.61 
1.40 
1.20 
1.11 
0.94 
0.32 
0.31 
0.50 
0.66 
0.91 
1.20 
1.29 
1.33 
1.54 
1.48 
1.40 
1.56 
1.60 
1.69 
1.82 
1.88 
1.73 
1.56 
1.56 
1.59 
1.68 
1.59 
1.56 
1.59 
1.56 
1.56 
1.73 
1.83 
1.69 
1.60 
1.57 
1.73 
1.82 
1.68 
1.59 
1.72 
1.87 
1.87 
1.87 
2.04 
2.18 
2.16 
2.16 
2.09 
2.17 
2.26 
2.19 
2.17 
2.20 
2.25 
2.19 
2.16 
2.20 
2.25 
2.19 
2.29 
2.40 
2.36 
2.41 
2.49 
2.53 
2.58 
2.48 
2.42 
2.43 
2.21 
1.99 
1.77 
1.55 
1.32 
1.11 
0.88 
0.66 
0.45 
0.22 
0.23 
0.32 
0.45 
0.66 
0.91 
1.13 
1.32 
1.55 
1.76 
1.99 
2.21 
2.43 
2.66 
2.88 
3.11 
3.35 
3.56 
3.52 
3.58 
3.54 
3.32 
3.10 
2.87 
2.65 
2.43 
2.21 
2.21 
2.21 
1.99 
1.77 
1.56 
1.35 
1.20 
0.99 
0.70 
0.50 
0.32 
0.62 
0.31 
0.32 
0.50 
0.66 
0.91 
1.19 
1.20 
1.13 
1.29 
1.40 
1.56 
1.41 
1.29 
1.40 
1.56 
1.68 
1.60 
1.56 
1.57 
1.57 
1.73 
1.88 
1.88 
1.88 
1.82 
1.68 
1.59 
1.56 
1.56 
1.56 
1.72 
1.82 
1.68 
1.78 
1.90 
1.87 
1.87 
2.04 
2.19 
2.10 
1.98 
2.08 
2.21 
2.19 
2.19 
2.10 
2.18 
2.28 
2.21 
2.30 
2.37 
2.47 
2.58 
2.52 
2.59 
2.67 
2.58 
2.64 
2.73 
2.67 
2.67 
2.67 
2.49 
2.49 
2.49 
2.49 
2.50 
2.53 
2.42 
2.29 
2.17 
2.06 
1.98 
1.92 
2.02 
2.00 
2.02 
2.05 
2.11 
2.19 
2.29 
2.41 
2.54 
2.79 
2.93 
2.98 
3.15 
3.42 
3.49 
3.44 
3.51 
3.59 
3.55 
3.51 
3.31 
3.09 
2.87 
2.66 
2.43 
2.21 
1.99 
1.77 
1.54 
1.32 
1.10 
0.91 
0.79 
0.62 
0.22 
0.32 
0.49 
0.62 
0.70 
0.88 
0.80 
0.69 
0.88 
1.10 
1.25 
1.29 
1.19 
1.13 
1.25 
1.25 
1.25 
1.25 
1.25 
1.29 
1.40 
1.56 
1.56 
1.56 
1.56 
1.56 
1.72 
1.87 
1.87 
1.72 
1.56 
1.72 
1.82 
1.68 
1.59 
1.56 
1.73 
1.87 
1.87 
1.82 
1.68 
1.78 
1.91 
1.88 
2.04 
2.19 
2.19 
2.10 
2.18 
2.28 
2.21 
2.35 
2.50 
2.66 
2.80 
2.67 
2.73 
2.80 
2.87 
2.95 
3.01 
3.07 
2.95 
3.01 
3.08 
3.16 
3.12 
2.90 
2.87 
2.86 
2.86 
2.86 
2.85 
2.86 
2.86 
2.87 
2.89 
3.12 
3.17 
3.05 
3.04 
3.24 
3.24 
3.25 
3.44 
3.43 
3.24 
3.24 
3.44 
3.66 
3.69 
3.59 
3.50 
3.42 
3.36 
3.31 
3.24 
3.18 
3.12 
3.08 
3.21 
3.08 
2.87 
2.67 
2.52 
2.38 
2.18 
1.98 
1.76 
1.56 
1.40 
1.18 
0.99 
0.79 
0.62 
0.45 
0.22 
0.31 
0.31 
0.50 
0.70 
0.91 
0.99 
1.13 
1.20 
1.29 
1.11 
0.94 
0.94 
0.94 
0.94 
0.94 
0.94 
0.94 
0.99 
1.13 
1.25 
1.25 
1.29 
1.40 
1.56 
1.41 
1.25 
1.25 
1.29 
1.19 
1.13 
1.29 
1.25 
1.25 
1.29 
1.40 
1.52 
1.50 
1.51 
1.50 
1.50 
1.50 
1.50 
1.52 
1.57 
1.60 
1.63 
1.66 
1.69 
1.60 
1.57 
1.57 
1.57 
1.57 
1.57 
1.57 
1.57 
1.73 
1.82 
1.68 
1.59 
1.72 
1.87 
1.82 
1.68 
1.59 
1.56 
1.56 
1.56 
1.40 
1.49 
1.59 
1.56 
1.56 
1.73 
1.83 
1.89 
1.98 
1.91 
2.05 
2.19 
2.19 
2.19 
2.30 
2.37 
2.47 
2.58 
2.52 
2.65 
2.81 
2.96 
3.08 
3.17 
3.21 
3.08 
3.10 
3.12 
3.16 
3.21 
3.23 
3.17 
3.13 
3.11 
3.10 
3.10 
3.10 
3.31 
3.31 
3.32 
3.32 
3.35 
3.39 
3.43 
3.65 
3.63 
3.65 
3.63 
3.64 
3.64 
3.63 
3.84 
3.84 
3.84 
3.84 
3.85 
4.06 
3.98 
3.70 
3.64 
3.77 
3.70 
3.64 
3.59 
3.56 
3.76 
3.64 
3.44 
3.25 
3.08 
2.93 
2.73 
2.51 
2.37 
2.17 
1.97 
1.82 
1.68 
1.49 
1.19 
0.99 
1.10 
1.10 
0.91 
0.69 
0.49 
0.31 
0.31 
0.31 
0.50 
0.70 
0.91 
0.99 
1.13 
1.20 
1.29 
1.11 
0.94 
0.94 
0.94 
0.94 
0.94 
0.94 
0.94 
0.99 
1.13 
1.25 
1.25 
1.29 
1.40 
1.56 
1.41 
1.25 
1.25 
1.29 
1.19 
1.13 
1.29 
1.25 
1.25 
1.29 
1.40 
1.52 
1.50 
1.51 
1.50 
1.50 
1.50 
1.50 
1.52 
1.57 
1.60 
1.63 
1.66 
1.69 
1.60 
1.57 
1.57 
1.57 
1.57 
1.57 
1.57 
1.57 
1.73 
1.82 
1.68 
1.59 
1.72 
1.87 
1.82 
1.68 
1.59 
1.56 
1.56 
1.56 
1.40 
1.49 
1.59 
1.56 
1.56 
1.73 
1.83 
1.89 
1.98 
1.91 
2.05 
2.19 
2.19 
2.19 
2.30 
2.37 
2.47 
2.58 
2.52 
2.65 
2.81 
2.96 
3.08 
3.17 
3.21 
3.08 
3.10 
3.12 
3.16 
3.21 
3.23 
3.17 
3.13 
3.11 
3.10 
3.10 
3.10 
3.31 
3.31 
3.32 
3.32 
3.35 
3.39 
3.43 
3.65 
3.63 
3.65 
3.63 
3.64 
3.64 
3.63 
3.84 
3.84 
3.84 
3.84 
3.85 
4.06 
3.98 
3.70 
3.64 
3.77 
3.70 
3.64 
3.59 
3.56 
3.76 
3.64 
3.44 
3.25 
3.08 
2.93 
2.73 
2.51 
2.37 
2.17 
1.97 
1.82 
1.68 
1.49 
1.19 
0.99 
1.10 
1.10 
0.91 
0.69 
0.49 
0.31 
0.49 
0.66 
0.69 
0.79 
1.10 
1.11 
0.94 
0.99 
0.91 
0.89 
0.94 
0.80 
0.62 
0.69 
0.66 
0.62 
0.62 
0.48 
0.31 
0.45 
0.66 
0.88 
0.99 
1.13 
1.25 
1.13 
0.99 
0.88 
0.70 
0.63 
0.44 
0.22 
0.31 
0.49 
0.31 
0.31 
0.50 
0.70 
0.91 
0.99 
1.13 
1.20 
1.29 
1.11 
0.94 
0.94 
0.94 
0.94 
0.94 
0.94 
0.94 
0.99 
1.13 
1.25 
1.25 
1.29 
1.40 
1.56 
1.41 
1.25 
1.25 
1.29 
1.19 
1.13 
1.29 
1.25 
1.25 
1.29 
1.40 
1.52 
1.50 
1.51 
1.50 
1.50 
1.50 
1.50 
1.52 
1.57 
1.60 
1.63 
1.66 
1.69 
1.60 
1.57 
1.57 
1.57 
1.57 
1.57 
1.57 
1.57 
1.73 
1.82 
1.68 
1.59 
1.72 
1.87 
1.82 
1.68 
1.59 
1.56 
1.56 
1.56 
1.40 
1.49 
1.59 
1.56 
1.56 
1.73 
1.83 
1.89 
1.98 
1.91 
2.05 
2.19 
2.19 
2.19 
2.30 
2.37 
2.47 
2.58 
2.52 
2.65 
2.81 
2.96 
3.08 
3.17 
3.21 
3.08 
3.10 
3.12 
3.16 
3.21 
3.23 
3.17 
3.13 
3.11 
3.10 
3.10 
3.10 
3.31 
3.31 
3.32 
3.32 
3.35 
3.39 
3.43 
3.65 
3.63 
3.65 
3.63 
3.64 
3.64 
3.63 
3.84 
3.84 
3.84 
3.84 
3.85 
4.06 
3.98 
3.70 
3.64 
3.77 
3.70 
3.64 
3.59 
3.56 
3.76 
3.64 
3.44 
3.25 
3.08 
2.93 
2.73 
2.51 
2.37 
2.17 
1.97 
1.82 
1.68 
1.49 
1.19 
0.99 
1.10 
1.10 
0.91 
0.69 
0.49 
0.31 
0.49 
0.66 
0.69 
0.79 
1.10 
1.11 
0.94 
0.99 
0.91 
0.89 
0.94 
0.80 
0.62 
0.69 
0.66 
0.62 
0.62 
0.48 
0.31 
0.45 
0.66 
0.88 
0.99 
1.13 
1.25 
1.13 
0.99 
0.88 
0.70 
0.63 
0.44 
0.22 
0.31 
0.49 
0.22 
0.45 
0.66 
0.66 
0.45 
0.32 
0.32 
0.50 
0.63 
0.70 
0.88 
0.94 
1.11 
1.29 
1.29 
1.11 
0.94 
0.94 
0.88 
0.70 
0.63 
0.81 
0.79 
0.63 
0.49 
0.22 
0.22 
0.32 
0.49 
0.66 
0.70 
0.80 
1.10 
1.41 
1.73 
1.87 
1.98 
2.10 
2.04 
2.01 
2.21 
2.43 
2.43 
2.43 
2.64 
2.83 
2.70 
2.58 
2.67 
2.59 
2.52 
2.67 
2.80 
2.88 
2.77 
2.67 
2.80 
2.82 
2.84 
2.89 
2.97 
2.87 
2.80 
2.83 
2.83 
2.97 
3.13 
2.97 
2.81 
2.73 
2.48 
2.26 
2.11 
1.98 
1.80 
1.70 
1.63 
1.53 
1.50 
1.52 
1.56 
1.62 
1.56 
1.53 
1.53 
1.51 
1.50 
1.50 
1.51 
1.53 
1.53 
1.53 
1.56 
1.62 
1.58 
1.53 
1.51 
1.52 
1.52 
1.51 
1.58 
1.62 
1.70 
1.86 
1.95 
2.06 
1.97 
1.99 
1.98 
1.99 
1.99 
1.98 
1.99 
1.99 
1.99 
1.99 
1.98 
1.98 
1.89 
1.62 
1.56 
1.77 
1.76 
1.77 
1.77 
1.77 
1.77 
1.68 
1.82 
1.78 
1.70 
1.63 
1.58 
1.53 
1.52 
1.50 
1.50 
1.50 
1.52 
1.52 
1.50 
1.50 
1.52 
1.51 
1.50 
1.50 
1.52 
1.51 
1.50 
1.50 
1.52 
1.53 
1.52 
1.50 
1.52 
1.52 
1.50 
1.52 
1.53 
1.53 
1.53 
1.52 
1.50 
1.50 
1.52 
1.53 
1.56 
1.56 
1.56 
1.56 
1.56 
1.56 
1.56 
1.56 
1.56 
1.56 
1.40 
1.29 
1.13 
0.99 
0.94 
0.94 
0.94 
1.11 
1.25 
1.25 
1.11 
0.94 
0.94 
0.94 
1.11 
1.25 
1.25 
1.25 
1.25 
1.11 
0.94 
1.11 
1.25 
1.25 
1.25 
1.25 
1.25 
1.25 
1.11 
0.94 
1.11 
1.25 
1.25 
1.11 
0.99 
1.13 
1.25 
1.25 
1.25 
1.25 
1.25 
1.25 
1.25 
1.11 
0.99 
1.13 
1.25 
1.42 
1.56 
1.56 
1.56 
1.56 
1.59 
1.68 
1.77 
1.77 
1.87 
1.98 
2.05 
2.09 
1.97 
1.90 
1.87 
2.04 
2.17 
2.10 
1.98 
1.91 
1.88 
1.83 
1.69 
1.60 
1.57 
1.73 
1.82 
1.68 
1.77 
1.90 
1.87 
2.04 
2.09 
1.97 
1.90 
1.82 
1.68 
1.78 
1.91 
1.88 
2.04 
2.10 
1.98 
2.09 
2.21 
2.19 
2.35 
2.50 
2.58 
2.67 
2.58 
2.69 
2.83 
2.96 
3.08 
2.95 
3.01 
3.08 
3.17 
3.27 
3.37 
3.50 
3.54 
3.56 
3.60 
3.86 
3.86 
3.60 
3.56 
3.55 
3.54 
3.75 
3.75 
3.76 
3.70 
3.65 
3.60 
3.56 
3.76 
3.75 
3.76 
3.97 
3.97 
3.97 
3.97 
3.99 
3.97 
3.97 
3.98 
3.98 
4.15 
4.05 
3.96 
4.06 
4.00 
3.94 
3.87 
3.80 
3.94 
3.90 
3.87 
3.75 
3.57 
3.50 
3.37 
3.17 
2.97 
2.89 
2.69 
2.52 
2.31 
2.09 
1.97 
1.77 
1.54 
1.34 
1.13 
0.91 
0.80 
0.62 
0.31 
0.31 
0.50 
0.66 
0.69 
0.79 
1.10 
1.25 
1.34 
1.56 
1.56 
1.56 
1.63 
1.58 
1.57 
1.64 
1.64 
1.64 
1.74 
1.86 
1.86 
1.86 
1.95 
1.95 
1.86 
1.80 
1.88 
1.98 
2.05 
2.01 
1.95 
1.98 
2.05 
2.02 
1.95 
1.95 
1.95 
1.87 
1.80 
1.88 
2.02 
2.16 
2.06 
1.95 
1.87 
1.80 
1.92 
1.98 
1.87 
1.77 
1.77 
1.80 
1.88 
1.95 
1.86 
1.77 
1.77 
1.80 
1.80 
1.77 
1.77 
1.80 
1.88 
1.98 
1.95 
1.95 
1.95 
1.95 
1.95 
1.95 
1.95 
1.95 
1.88 
1.80 
1.86 
1.95 
2.00 
2.00 
1.86 
1.74 
1.74 
1.74 
1.65 
1.70 
1.74 
1.74 
1.74 
1.64 
1.64 
1.65 
1.70 
1.74 
1.64 
1.64 
1.64 
1.64 
1.64 
1.64 
1.64 
1.64 
1.64 
1.64 
1.64 
1.64 
1.64 
1.63 
1.58 
1.56 
1.56 
1.56 
1.57 
1.56 
1.64 
1.64 
1.63 
1.58 
1.56 
1.64 
1.64 
1.62 
1.65 
1.64 
1.64 
1.64 
1.63 
1.66 
1.74 
1.74 
1.74 
1.79 
1.75 
1.74 
1.77 
1.80 
1.76 
1.74 
1.77 
1.77 
1.80 
1.75 
1.74 
1.77 
1.77 
1.77 
1.80 
1.88 
1.95 
1.86 
1.76 
1.76 
1.76 
1.86 
1.88 
1.75 
1.65 
1.62 
1.59 
1.56 
1.56 
1.70 
1.77 
1.77 
1.69 
1.60 
1.57 
1.57 
1.57 
1.57 
1.60 
1.66 
1.60 
1.56 
1.53 
1.53 
1.40 
1.29 
1.25 
1.25 
1.25 
1.25 
1.25 
1.25 
1.25 
1.25 
1.25 
1.25 
1.25 
1.29 
1.40 
1.40 
1.29 
1.25 
1.25 
1.29 
1.40 
1.56 
1.57 
1.57 
1.57 
1.42 
1.25 
1.42 
1.57 
1.57 
1.42 
1.25 
1.25 
1.25 
1.25 
1.25 
1.42 
1.57 
1.57 
1.57 
1.57 
1.57 
1.73 
1.88 
1.88 
1.88 
1.88 
1.88 
1.88 
2.05 
2.19 
2.09 
1.97 
2.08 
2.20 
2.18 
2.09 
1.97 
1.90 
2.04 
2.19 
2.10 
1.98 
1.91 
2.04 
2.10 
1.98 
1.91 
2.03 
2.09 
1.97 
2.04 
2.09 
1.97 
1.90 
2.04 
2.19 
2.19 
2.30 
2.38 
2.48 
2.58 
2.52 
2.38 
2.48 
2.58 
2.70 
2.79 
2.87 
2.95 
2.80 
2.87 
2.96 
3.07 
3.18 
3.08 
3.17 
3.22 
3.28 
3.37 
3.43 
3.49 
3.55 
3.79 
3.82 
3.86 
3.92 
3.97 
3.97 
3.98 
4.20 
4.20 
4.19 
4.12 
4.07 
3.98 
3.91 
4.07 
4.03 
4.00 
3.98 
3.97 
3.97 
3.99 
4.09 
3.97 
3.86 
3.77 
3.68 
3.80 
3.75 
3.70 
3.67 
3.65 
3.78 
3.70 
3.64 
3.81 
3.79 
3.76 
3.92 
3.70 
3.50 
3.37 
3.27 
3.19 
3.08 
2.87 
2.65 
2.43 
2.21 
1.98 
1.77 
1.60 
1.40 
1.19 
0.99 
0.80 
0.62 
0.31 
0.31 
0.49 
0.66 
0.69 
0.80 
0.93 
1.10 
1.34 
1.40 
1.48 
1.59 
1.73 
1.80 
1.75 
1.74 
1.87 
1.86 
1.86 
2.00 
2.15 
2.11 
2.05 
2.17 
2.25 
2.36 
2.33 
2.32 
2.32 
2.26 
2.37 
2.42 
2.33 
2.25 
2.36 
2.48 
2.42 
2.36 
2.40 
2.42 
2.48 
2.40 
2.36 
2.41 
2.43 
2.49 
2.33 
2.19 
2.17 
2.19 
2.26 
2.36 
2.41 
2.41 
2.41 
2.29 
2.16 
2.16 
2.16 
2.16 
2.16 
2.16 
2.16 
2.16 
2.05 
1.98 
1.95 
2.06 
2.19 
2.26 
2.26 
2.17 
2.05 
1.98 
2.06 
2.16 
2.05 
2.10 
2.19 
2.02 
2.00 
2.00 
1.87 
1.79 
1.86 
1.88 
1.91 
1.98 
1.86 
1.87 
1.88 
1.80 
1.86 
1.87 
1.91 
1.98 
1.98 
1.91 
1.87 
1.86 
1.74 
1.74 
1.74 
1.74 
1.74 
1.74 
1.87 
1.86 
1.86 
1.87 
1.86 
1.86 
1.80 
1.75 
1.74 
1.70 
1.65 
1.74 
1.74 
1.74 
1.70 
1.66 
1.74 
1.74 
1.74 
1.79 
1.75 
1.74 
1.80 
1.76 
1.74 
1.80 
1.75 
1.74 
1.87 
1.86 
1.76 
1.79 
1.87 
1.95 
1.95 
1.87 
1.80 
1.88 
1.95 
1.95 
1.95 
1.95 
1.86 
1.77 
1.77 
1.80 
1.88 
1.88 
1.88 
1.88 
1.88 
1.88 
1.88 
1.88 
1.80 
1.77 
1.77 
1.68 
1.59 
1.56 
1.59 
1.63 
1.59 
1.56 
1.56 
1.56 
1.72 
1.82 
1.68 
1.59 
1.56 
1.56 
1.41 
1.25 
1.41 
1.56 
1.56 
1.56 
1.56 
1.56 
1.56 
1.56 
1.56 
1.56 
1.56 
1.56 
1.56 
1.56 
1.40 
1.29 
1.25 
1.10 
0.99 
1.19 
1.40 
1.56 
1.56 
1.56 
1.56 
1.41 
1.25 
1.25 
1.13 
0.99 
0.94 
0.94 
0.94 
0.99 
1.13 
1.25 
1.13 
1.18 
1.29 
1.25 
1.25 
1.25 
1.25 
1.25 
1.42 
1.56 
1.56 
1.56 
1.73 
1.88 
1.88 
1.88 
2.04 
2.19 
2.10 
2.18 
2.28 
2.21 
2.09 
1.97 
1.90 
2.04 
2.18 
2.18 
2.30 
2.38 
2.26 
2.10 
2.17 
2.26 
2.10 
2.17 
2.28 
2.21 
2.35 
2.48 
2.37 
2.47 
2.52 
2.38 
2.47 
2.58 
2.52 
2.38 
2.48 
2.58 
2.70 
2.83 
2.97 
3.08 
2.88 
2.69 
2.73 
2.80 
2.87 
2.96 
3.07 
3.18 
3.29 
3.32 
3.34 
3.38 
3.21 
3.29 
3.54 
3.54 
3.55 
3.57 
3.60 
3.65 
3.70 
3.99 
4.07 
4.08 
4.25 
4.22 
4.21 
4.16 
4.07 
4.19 
4.14 
3.86 
3.82 
4.01 
3.90 
3.76 
3.62 
3.49 
3.56 
3.65 
3.57 
3.29 
3.22 
3.38 
3.34 
3.32 
3.32 
3.31 
3.54 
3.56 
3.60 
3.80 
3.74 
3.70 
3.81 
3.69 
3.55 
3.32 
3.10 
2.88 
2.65 
2.43 
2.22 
2.00 
1.77 
1.60 
1.40 
1.19 
1.10 
0.94 
0.62 
0.31 
0.31 
0.49 
0.66 
0.69 
0.80 
0.93 
1.10 
1.25 
1.34 
1.60 
1.68 
1.77 
1.98 
1.92 
1.88 
2.00 
2.00 
2.00 
2.16 
2.32 
2.32 
2.25 
2.36 
2.33 
2.25 
2.36 
2.50 
2.49 
2.49 
2.58 
2.53 
2.42 
2.48 
2.58 
2.53 
2.48 
2.57 
2.53 
2.40 
2.42 
2.48 
2.57 
2.65 
2.54 
2.41 
2.41 
2.42 
2.49 
2.58 
2.53 
2.41 
2.41 
2.42 
2.37 
2.26 
2.19 
2.17 
2.17 
2.17 
2.17 
2.17 
2.17 
2.29 
2.42 
2.48 
2.41 
2.36 
2.26 
2.19 
2.17 
2.17 
2.29 
2.36 
2.25 
2.33 
2.42 
2.40 
2.32 
2.33 
2.36 
2.25 
2.19 
2.15 
2.16 
2.16 
2.15 
2.17 
2.05 
2.10 
2.16 
2.05 
2.11 
2.19 
2.29 
2.32 
2.17 
2.20 
2.25 
2.32 
2.32 
2.15 
2.16 
2.15 
2.16 
2.16 
2.15 
2.16 
2.15 
2.16 
2.16 
2.15 
2.16 
2.11 
2.05 
2.17 
2.16 
2.16 
2.15 
2.15 
2.06 
1.98 
1.91 
1.87 
1.95 
1.87 
1.80 
1.76 
1.74 
1.80 
1.75 
1.74 
1.87 
1.86 
1.76 
1.79 
1.75 
1.74 
1.80 
1.75 
1.74 
1.80 
1.88 
1.86 
1.80 
1.88 
1.95 
1.95 
1.95 
1.86 
1.76 
1.79 
1.87 
1.95 
1.95 
1.87 
1.77 
1.77 
1.77 
1.77 
1.77 
1.77 
1.77 
1.77 
1.77 
1.77 
1.87 
1.95 
1.87 
1.77 
1.77 
1.77 
1.77 
1.74 
1.75 
1.79 
1.76 
1.79 
1.87 
1.79 
1.76 
1.86 
1.95 
1.91 
1.88 
1.88 
1.80 
1.77 
1.77 
1.69 
1.60 
1.57 
1.57 
1.57 
1.57 
1.57 
1.73 
1.88 
1.73 
1.57 
1.57 
1.57 
1.57 
1.57 
1.57 
1.57 
1.57 
1.57 
1.60 
1.60 
1.57 
1.60 
1.69 
1.77 
1.77 
1.70 
1.56 
1.56 
1.56 
1.53 
1.58 
1.63 
1.60 
1.57 
1.57 
1.57 
1.57 
1.57 
1.57 
1.56 
1.40 
1.29 
1.41 
1.56 
1.56 
1.56 
1.60 
1.68 
1.59 
1.56 
1.56 
1.73 
1.87 
1.87 
2.04 
2.10 
1.98 
1.91 
2.04 
2.19 
2.19 
2.10 
1.98 
2.09 
2.21 
2.19 
2.31 
2.36 
2.25 
2.30 
2.37 
2.26 
2.31 
2.38 
2.28 
2.39 
2.44 
2.47 
2.51 
2.37 
2.27 
2.39 
2.52 
2.50 
2.59 
2.67 
2.74 
2.80 
2.67 
2.77 
2.87 
2.90 
2.95 
2.80 
2.87 
2.96 
3.06 
3.18 
3.29 
3.31 
3.31 
3.32 
3.12 
3.16 
3.21 
3.29 
3.54 
3.54 
3.54 
3.54 
3.54 
3.75 
3.76 
3.76 
3.76 
3.79 
4.03 
4.08 
4.13 
4.15 
4.07 
3.98 
3.92 
4.08 
4.03 
4.01 
3.89 
3.76 
3.80 
3.69 
3.59 
3.50 
3.43 
3.36 
3.31 
3.50 
3.70 
3.67 
3.65 
3.57 
3.49 
3.37 
3.26 
3.15 
3.08 
3.21 
3.16 
3.13 
3.32 
3.54 
3.67 
3.47 
3.28 
3.05 
2.86 
2.65 
2.43 
2.22 
2.04 
1.89 
1.69 
1.49 
1.30 
1.11 
0.94 
0.63 
0.32 
0.31 
0.49 
0.44 
0.49 
0.79 
0.93 
1.10 
1.13 
1.19 
1.29 
1.32 
1.56 
1.56 
1.61 
1.82 
1.79 
1.77 
1.99 
1.98 
1.98 
2.10 
2.25 
2.17 
2.10 
2.26 
2.22 
2.21 
2.36 
2.30 
2.25 
2.36 
2.48 
2.40 
2.28 
2.38 
2.30 
2.21 
2.28 
2.38 
2.30 
2.20 
2.27 
2.37 
2.42 
2.48 
2.35 
2.21 
2.19 
2.21 
2.28 
2.38 
2.50 
2.50 
2.48 
2.32 
2.19 
2.16 
2.28 
2.40 
2.40 
2.28 
2.16 
2.16 
2.16 
2.16 
2.16 
2.28 
2.40 
2.38 
2.28 
2.21 
2.19 
2.29 
2.40 
2.36 
2.25 
2.19 
2.29 
2.41 
2.38 
2.28 
2.38 
2.49 
2.36 
2.41 
2.48 
2.36 
2.41 
2.48 
2.42 
2.50 
2.51 
2.37 
2.41 
2.49 
2.36 
2.40 
2.48 
2.32 
2.33 
2.36 
2.41 
2.48 
2.32 
2.32 
2.32 
2.32 
2.32 
2.33 
2.36 
2.41 
2.48 
2.48 
2.41 
2.36 
2.33 
2.32 
2.31 
2.32 
2.32 
2.32 
2.32 
2.25 
2.36 
2.29 
2.19 
2.11 
2.05 
2.16 
2.10 
2.05 
2.01 
1.98 
2.05 
2.02 
1.98 
2.05 
2.01 
1.98 
2.05 
2.01 
2.00 
2.16 
2.06 
1.98 
2.05 
2.16 
2.06 
1.98 
2.05 
2.16 
2.06 
1.95 
1.98 
2.05 
2.16 
2.06 
1.95 
1.98 
2.05 
2.16 
2.17 
2.17 
2.06 
1.95 
1.95 
2.01 
2.05 
1.98 
1.95 
1.86 
1.76 
1.76 
1.76 
1.86 
1.95 
1.95 
1.91 
1.88 
1.73 
1.56 
1.40 
1.49 
1.60 
1.57 
1.57 
1.57 
1.56 
1.60 
1.68 
1.59 
1.56 
1.40 
1.29 
1.25 
1.42 
1.56 
1.56 
1.56 
1.56 
1.56 
1.56 
1.73 
1.87 
1.87 
1.87 
1.87 
1.87 
1.87 
1.87 
1.87 
1.73 
1.56 
1.73 
1.87 
1.87 
1.87 
1.73 
1.56 
1.56 
1.56 
1.56 
1.56 
1.56 
1.56 
1.56 
1.56 
1.56 
1.56 
1.59 
1.56 
1.42 
1.25 
1.42 
1.56 
1.73 
1.82 
1.61 
1.40 
1.29 
1.25 
1.42 
1.56 
1.56 
1.56 
1.59 
1.68 
1.86 
1.95 
1.95 
2.01 
2.05 
1.98 
1.95 
1.95 
2.06 
2.16 
2.04 
1.88 
2.03 
2.09 
1.97 
1.82 
1.89 
1.97 
1.82 
1.89 
1.98 
2.08 
2.21 
2.19 
2.19 
2.35 
2.50 
2.48 
2.36 
2.41 
2.48 
2.36 
2.41 
2.49 
2.42 
2.49 
2.50 
2.36 
2.40 
2.48 
2.42 
2.53 
2.65 
2.57 
2.64 
2.71 
2.75 
2.81 
2.89 
2.95 
3.01 
3.07 
2.93 
2.80 
2.88 
2.95 
3.00 
3.08 
3.10 
3.13 
3.17 
3.21 
3.27 
3.31 
3.32 
3.31 
3.32 
3.32 
3.35 
3.38 
3.43 
3.63 
3.64 
3.64 
3.60 
3.56 
3.76 
3.76 
3.75 
3.76 
3.79 
4.03 
4.00 
3.95 
4.10 
4.07 
4.05 
3.93 
3.81 
3.87 
3.78 
3.69 
3.61 
3.56 
3.71 
3.67 
3.59 
3.50 
3.42 
3.52 
3.41 
3.32 
3.42 
3.36 
3.31 
3.47 
3.44 
3.43 
3.63 
3.61 
3.52 
3.50 
3.27 
3.05 
2.86 
2.66 
2.43 
2.21 
1.99 
1.77 
1.56 
1.35 
1.13 
0.92 
0.81 
0.63 
0.32 
0.31 
0.50 
0.66 
0.69 
0.79 
1.10 
1.10 
1.10 
1.33 
1.32 
1.34 
1.60 
1.68 
1.77 
1.91 
1.78 
1.68 
1.82 
1.78 
1.76 
1.97 
2.09 
2.04 
2.00 
2.21 
2.08 
1.98 
2.10 
2.21 
2.08 
1.97 
2.09 
2.04 
1.90 
1.97 
2.09 
2.03 
1.88 
1.91 
1.98 
2.10 
2.19 
2.19 
2.04 
1.91 
1.98 
2.10 
2.19 
2.19 
2.19 
2.19 
2.19 
2.19 
2.19 
2.19 
2.19 
2.19 
2.19 
2.19 
2.19 
2.19 
2.19 
2.10 
1.98 
1.91 
2.04 
2.19 
2.10 
2.18 
2.28 
2.21 
2.19 
2.35 
2.50 
2.37 
2.27 
2.20 
2.31 
2.38 
2.28 
2.39 
2.49 
2.42 
2.53 
2.57 
2.48 
2.53 
2.57 
2.48 
2.53 
2.58 
2.49 
2.53 
2.58 
2.64 
2.67 
2.50 
2.53 
2.57 
2.64 
2.68 
2.51 
2.53 
2.53 
2.51 
2.50 
2.49 
2.49 
2.49 
2.67 
2.64 
2.41 
2.36 
2.33 
2.32 
2.49 
2.50 
2.48 
2.41 
2.36 
2.32 
2.26 
2.37 
2.33 
2.32 
2.29 
2.19 
2.25 
2.20 
2.17 
2.32 
2.49 
2.41 
2.37 
2.33 
2.25 
2.36 
2.33 
2.25 
2.36 
2.42 
2.33 
2.25 
2.36 
2.42 
2.33 
2.26 
2.36 
2.33 
2.25 
2.36 
2.40 
2.40 
2.40 
2.29 
2.19 
2.25 
2.36 
2.40 
2.40 
2.42 
2.40 
2.40 
2.40 
2.42 
2.36 
2.20 
2.05 
1.98 
2.06 
2.16 
2.05 
1.98 
1.95 
1.95 
1.88 
1.80 
1.77 
1.77 
1.77 
1.68 
1.78 
1.82 
1.68 
1.59 
1.56 
1.56 
1.40 
1.49 
1.60 
1.57 
1.57 
1.57 
1.57 
1.73 
1.88 
1.88 
1.88 
1.88 
1.88 
1.88 
1.88 
1.88 
1.88 
2.05 
2.16 
2.16 
2.16 
2.09 
1.89 
1.68 
1.59 
1.41 
1.25 
1.25 
1.25 
1.25 
1.25 
1.41 
1.56 
1.56 
1.56 
1.56 
1.56 
1.56 
1.59 
1.68 
1.82 
1.88 
1.80 
1.77 
1.68 
1.78 
1.90 
1.87 
1.87 
1.90 
2.08 
2.20 
2.04 
1.87 
1.87 
2.04 
2.09 
2.17 
2.28 
2.21 
2.19 
2.29 
2.41 
2.29 
2.16 
2.05 
2.10 
2.17 
2.05 
1.98 
1.99 
2.00 
1.82 
1.68 
1.78 
1.90 
2.04 
2.10 
1.98 
1.91 
2.04 
2.19 
2.19 
2.36 
2.52 
2.48 
2.53 
2.57 
2.48 
2.53 
2.58 
2.64 
2.72 
2.58 
2.64 
2.73 
2.83 
2.93 
2.80 
2.86 
2.87 
2.89 
2.93 
2.82 
2.89 
2.94 
3.00 
3.06 
2.93 
2.99 
3.23 
3.25 
3.27 
3.31 
3.32 
3.31 
3.09 
3.10 
3.13 
3.16 
3.22 
3.28 
3.31 
3.32 
3.31 
3.31 
3.32 
3.31 
3.27 
3.25 
3.44 
3.64 
3.65 
3.67 
3.70 
3.70 
3.87 
3.85 
3.84 
3.84 
3.84 
4.05 
4.25 
4.25 
4.20 
4.13 
4.06 
4.00 
3.93 
4.10 
4.06 
3.95 
3.85 
3.78 
3.92 
3.86 
3.78 
3.92 
3.86 
3.80 
3.75 
3.66 
3.78 
3.87 
3.76 
3.66 
3.78 
3.88 
3.61 
3.36 
3.12 
2.89 
2.68 
2.51 
2.33 
2.16 
2.00 
1.86 
1.74 
1.54 
1.32 
1.10 
0.91 
0.71 
0.50 
0.31 
0.31 
0.50 
0.44 
0.49 
0.79 
0.94 
1.10 
1.10 
1.10 
1.33 
1.32 
1.33 
1.55 
1.55 
1.55 
1.68 
1.61 
1.56 
1.77 
1.97 
1.89 
1.82 
1.77 
1.69 
1.83 
1.91 
1.78 
1.68 
1.82 
1.73 
1.59 
1.68 
1.82 
1.72 
1.59 
1.68 
1.82 
1.73 
1.57 
1.60 
1.69 
1.61 
1.56 
1.56 
1.59 
1.68 
1.82 
1.87 
1.87 
1.90 
1.90 
1.73 
1.56 
1.59 
1.68 
1.82 
1.87 
1.87 
1.90 
1.87 
1.87 
2.04 
2.18 
2.18 
2.18 
2.09 
1.97 
1.90 
2.04 
2.19 
2.10 
1.98 
1.91 
2.04 
2.19 
2.19 
2.19 
2.30 
2.38 
2.28 
2.21 
2.19 
2.30 
2.37 
2.27 
2.39 
2.52 
2.59 
2.67 
2.58 
2.65 
2.71 
2.57 
2.64 
2.70 
2.57 
2.64 
2.71 
2.58 
2.64 
2.69 
2.73 
2.80 
2.67 
2.67 
2.67 
2.67 
2.66 
2.64 
2.66 
2.65 
2.64 
2.41 
2.37 
2.51 
2.47 
2.44 
2.43 
2.43 
2.43 
2.43 
2.65 
2.65 
2.66 
2.57 
2.48 
2.57 
2.53 
2.50 
2.47 
2.38 
2.52 
2.47 
2.43 
2.49 
2.42 
2.36 
2.50 
2.50 
2.48 
2.57 
2.53 
2.48 
2.58 
2.53 
2.49 
2.58 
2.67 
2.57 
2.48 
2.57 
2.66 
2.72 
2.64 
2.50 
2.52 
2.58 
2.67 
2.59 
2.50 
2.52 
2.58 
2.47 
2.38 
2.42 
2.49 
2.52 
2.49 
2.42 
2.41 
2.41 
2.41 
2.38 
2.28 
2.21 
2.19 
2.19 
2.17 
2.17 
2.01 
1.83 
1.69 
1.60 
1.57 
1.57 
1.57 
1.73 
1.82 
1.68 
1.59 
1.56 
1.56 
1.72 
1.80 
1.77 
1.77 
1.68 
1.59 
1.73 
1.87 
1.87 
1.87 
1.87 
1.87 
1.87 
1.87 
2.04 
2.17 
2.10 
1.98 
1.91 
1.88 
1.88 
1.88 
1.88 
1.91 
1.95 
1.95 
2.06 
2.16 
2.16 
2.16 
2.04 
1.88 
1.88 
1.88 
1.88 
1.88 
1.88 
1.88 
1.88 
1.88 
1.88 
1.88 
1.88 
1.88 
1.83 
1.89 
1.98 
1.91 
2.05 
2.19 
2.21 
2.28 
2.21 
2.09 
1.97 
1.90 
1.87 
2.04 
2.18 
2.18 
2.18 
2.33 
2.43 
2.33 
2.16 
2.00 
1.88 
1.91 
1.98 
2.06 
2.16 
2.05 
1.98 
2.06 
2.16 
2.16 
2.29 
2.38 
2.47 
2.58 
2.52 
2.38 
2.48 
2.57 
2.64 
2.71 
2.75 
2.82 
2.71 
2.75 
2.82 
2.73 
2.82 
2.86 
2.89 
2.93 
2.81 
2.89 
2.95 
3.00 
3.08 
3.10 
3.10 
3.09 
3.09 
3.10 
3.09 
2.88 
2.66 
2.66 
2.69 
2.73 
2.80 
2.88 
3.12 
3.17 
3.24 
3.25 
3.25 
3.24 
3.24 
3.24 
3.24 
3.25 
3.27 
3.50 
3.54 
3.54 
3.75 
3.76 
3.75 
3.71 
3.65 
3.82 
3.78 
3.77 
3.94 
3.90 
3.86 
4.05 
3.99 
3.92 
3.86 
3.78 
3.87 
3.95 
3.85 
3.78 
3.70 
3.64 
3.77 
3.68 
3.57 
3.66 
3.58 
3.50 
3.65 
3.60 
3.57 
3.69 
3.81 
3.94 
4.04 
4.00 
3.75 
3.55 
3.35 
3.17 
2.99 
2.75 
2.53 
2.33 
2.15 
2.00 
1.86 
1.74 
1.64 
1.58 
1.53 
1.52 
1.58 
1.49 
1.29 
1.11 
0.94 
0.63 
0.32 
0.32 
0.50 
0.66 
0.66 
0.66 
0.88 
0.88 
0.89 
0.88 
0.91 
0.99 
1.10 
1.29 
1.40 
1.35 
1.33 
1.54 
1.49 
1.40 
1.56 
1.48 
1.40 
1.56 
1.49 
1.40 
1.56 
1.42 
1.29 
1.40 
1.56 
1.41 
1.29 
1.40 
1.35 
1.25 
1.29 
1.40 
1.34 
1.25 
1.25 
1.29 
1.40 
1.35 
1.25 
1.25 
1.29 
1.40 
1.56 
1.56 
1.56 
1.42 
1.25 
1.25 
1.29 
1.40 
1.61 
1.82 
1.87 
1.87 
1.87 
1.87 
1.87 
1.87 
1.87 
1.87 
1.82 
1.68 
1.59 
1.73 
1.87 
1.87 
1.87 
1.87 
2.04 
2.10 
1.98 
2.08 
2.21 
2.19 
2.19 
2.31 
2.38 
2.28 
2.21 
2.19 
2.31 
2.37 
2.25 
2.30 
2.38 
2.47 
2.58 
2.52 
2.59 
2.67 
2.52 
2.59 
2.67 
2.73 
2.80 
2.67 
2.73 
2.80 
2.87 
2.88 
2.69 
2.70 
2.68 
2.67 
2.67 
2.67 
2.86 
2.86 
2.82 
2.75 
2.70 
2.68 
2.67 
2.67 
2.67 
2.67 
2.67 
2.86 
2.87 
2.81 
2.75 
2.71 
2.64 
2.58 
2.71 
2.64 
2.58 
2.71 
2.68 
2.67 
2.80 
2.74 
2.67 
2.80 
2.74 
2.69 
2.87 
2.76 
2.67 
2.79 
2.89 
2.77 
2.67 
2.80 
2.70 
2.58 
2.67 
2.80 
2.83 
2.69 
2.58 
2.67 
2.73 
2.81 
2.65 
2.50 
2.52 
2.52 
2.50 
2.52 
2.39 
2.27 
2.37 
2.50 
2.50 
2.50 
2.50 
2.50 
2.37 
2.27 
2.20 
2.18 
2.18 
2.18 
2.18 
2.18 
2.17 
2.05 
1.98 
1.95 
1.95 
1.95 
1.90 
1.82 
1.68 
1.59 
1.56 
1.56 
1.73 
1.88 
1.88 
1.83 
1.69 
1.60 
1.73 
1.77 
1.56 
1.40 
1.29 
1.25 
1.41 
1.59 
1.68 
1.82 
2.04 
2.25 
2.19 
2.09 
1.97 
1.90 
1.87 
1.87 
1.90 
1.97 
1.90 
1.87 
1.87 
2.04 
2.19 
2.19 
2.19 
2.34 
2.50 
2.50 
2.50 
2.38 
2.28 
2.21 
2.19 
2.19 
2.19 
2.19 
2.19 
2.21 
2.28 
2.21 
2.19 
2.19 
2.19 
2.19 
2.19 
2.10 
2.18 
2.28 
2.21 
2.19 
2.09 
1.97 
2.08 
2.20 
2.18 
2.18 
2.35 
2.48 
2.38 
2.28 
2.38 
2.52 
2.38 
2.26 
2.31 
2.38 
2.25 
2.30 
2.37 
2.27 
2.39 
2.52 
2.38 
2.47 
2.53 
2.59 
2.67 
2.52 
2.59 
2.67 
2.77 
2.88 
2.69 
2.73 
2.80 
2.87 
2.87 
2.87 
2.88 
2.68 
2.73 
2.80 
2.87 
2.87 
2.88 
2.87 
2.64 
2.66 
2.68 
2.73 
2.80 
2.67 
2.75 
2.82 
2.87 
2.87 
2.87 
3.09 
3.10 
3.09 
3.09 
3.10 
3.10 
3.08 
3.01 
2.95 
2.91 
2.88 
3.09 
3.10 
3.10 
3.31 
3.32 
3.32 
3.31 
3.32 
3.54 
3.75 
3.70 
3.64 
3.78 
3.70 
3.65 
3.57 
3.50 
3.65 
3.57 
3.49 
3.64 
3.57 
3.49 
3.64 
3.58 
3.50 
3.60 
3.50 
3.43 
3.55 
3.46 
3.36 
3.29 
3.22 
3.38 
3.56 
3.76 
3.87 
3.95 
3.84 
3.65 
3.46 
3.31 
3.17 
3.06 
2.89 
2.73 
2.67 
2.65 
2.58 
2.52 
2.43 
2.22 
2.04 
1.82 
1.61 
1.48 
1.41 
1.25 
0.94 
0.62 
0.31 
0.21 
0.31 
0.45 
0.44 
0.32 
0.45 
0.44 
0.31 
0.44 
0.62 
0.50 
0.44 
0.66 
0.88 
0.99 
0.91 
0.88 
0.99 
1.13 
1.10 
0.94 
0.99 
1.13 
1.10 
1.10 
1.25 
1.25 
1.11 
0.99 
1.13 
1.25 
1.25 
1.11 
0.94 
0.99 
1.13 
1.25 
1.25 
1.25 
1.29 
1.40 
1.56 
1.56 
1.56 
1.56 
1.56 
1.40 
1.49 
1.59 
1.56 
1.56 
1.56 
1.56 
1.56 
1.56 
1.73 
1.87 
1.87 
1.82 
1.89 
1.98 
1.91 
1.83 
1.89 
1.98 
1.91 
1.82 
1.88 
1.97 
1.82 
1.89 
1.97 
1.90 
2.04 
2.19 
2.34 
2.50 
2.50 
2.59 
2.67 
2.74 
2.80 
2.87 
2.95 
2.80 
2.87 
2.87 
2.87 
2.87 
2.87 
2.87 
2.87 
2.87 
2.87 
2.87 
2.88 
2.87 
2.87 
2.88 
2.90 
2.91 
2.88 
2.87 
2.87 
2.87 
2.86 
2.85 
2.86 
2.96 
2.87 
2.80 
2.73 
2.69 
2.89 
2.77 
2.67 
2.79 
2.95 
2.87 
2.80 
2.95 
2.88 
2.80 
2.73 
2.67 
2.80 
2.95 
2.87 
2.79 
2.83 
2.70 
2.58 
2.67 
2.80 
2.69 
2.58 
2.67 
2.80 
2.81 
2.65 
2.52 
2.58 
2.67 
2.80 
2.66 
2.52 
2.58 
2.65 
2.66 
2.72 
2.64 
2.50 
2.50 
2.50 
2.50 
2.50 
2.38 
2.28 
2.21 
2.19 
2.19 
2.19 
2.19 
2.19 
2.19 
2.19 
2.19 
2.19 
2.19 
2.19 
2.09 
2.17 
2.27 
2.20 
2.04 
1.87 
1.87 
1.87 
2.04 
2.09 
1.97 
1.90 
1.87 
1.87 
1.87 
1.82 
1.89 
1.98 
1.88 
1.80 
1.86 
1.95 
1.98 
2.05 
1.98 
1.91 
1.88 
1.88 
2.04 
2.19 
2.19 
2.09 
1.97 
1.90 
1.87 
1.87 
1.87 
2.04 
2.09 
2.17 
2.26 
2.10 
1.98 
1.91 
1.88 
2.04 
2.19 
2.19 
2.19 
2.19 
2.04 
1.88 
1.88 
1.88 
1.73 
1.56 
1.59 
1.68 
1.82 
1.87 
1.90 
1.90 
1.87 
1.87 
2.04 
2.10 
1.98 
1.91 
1.88 
2.04 
2.19 
2.10 
1.98 
2.04 
2.09 
1.97 
1.90 
2.04 
2.18 
2.18 
2.20 
2.20 
2.30 
2.38 
2.28 
2.21 
2.30 
2.38 
2.25 
2.30 
2.38 
2.48 
2.58 
2.44 
2.25 
2.31 
2.38 
2.26 
2.30 
2.38 
2.48 
2.58 
2.43 
2.43 
2.44 
2.47 
2.52 
2.38 
2.47 
2.58 
2.65 
2.64 
2.65 
2.65 
2.44 
2.47 
2.52 
2.59 
2.67 
2.68 
2.70 
2.75 
2.81 
2.87 
2.88 
2.87 
2.87 
2.87 
2.87 
2.64 
2.66 
2.64 
2.65 
2.88 
2.87 
2.88 
2.87 
2.80 
2.74 
2.69 
2.66 
2.65 
2.87 
3.10 
3.09 
3.09 
3.10 
3.08 
3.22 
3.16 
3.13 
3.10 
3.10 
3.32 
3.29 
3.21 
3.36 
3.28 
3.21 
3.38 
3.35 
3.27 
3.37 
3.28 
3.22 
3.37 
3.29 
3.21 
3.36 
3.28 
3.21 
3.15 
3.06 
3.18 
3.31 
3.47 
3.65 
3.80 
3.69 
3.60 
3.50 
3.42 
3.55 
3.69 
3.55 
3.42 
3.25 
3.08 
2.93 
2.80 
2.67 
2.58 
2.52 
2.47 
2.26 
2.04 
1.89 
1.78 
1.73 
1.57 
1.25 
0.94 
0.63 
0.31 
0.21 
0.31 
0.23 
0.31 
0.44 
0.62 
0.70 
0.88 
0.94 
0.99 
1.13 
1.11 
0.94 
0.99 
1.13 
1.25 
1.25 
1.25 
1.25 
1.13 
0.99 
0.94 
0.94 
0.94 
0.94 
1.11 
1.25 
1.25 
1.25 
1.25 
1.42 
1.56 
1.56 
1.56 
1.40 
1.49 
1.60 
1.56 
1.60 
1.68 
1.56 
1.60 
1.68 
1.59 
1.73 
1.87 
2.04 
2.19 
2.19 
2.30 
2.38 
2.28 
2.40 
2.52 
2.59 
2.67 
2.52 
2.59 
2.65 
2.65 
2.65 
2.64 
2.65 
2.65 
2.64 
2.66 
2.69 
2.73 
2.80 
2.87 
2.87 
2.87 
2.88 
2.87 
2.88 
2.87 
2.88 
2.90 
2.91 
2.89 
3.08 
3.00 
2.95 
2.87 
2.80 
2.95 
2.90 
2.88 
2.96 
2.87 
2.79 
2.88 
2.77 
2.67 
2.80 
2.73 
2.67 
2.80 
2.89 
2.77 
2.67 
2.79 
2.88 
2.77 
2.67 
2.80 
2.65 
2.52 
2.58 
2.67 
2.59 
2.50 
2.52 
2.58 
2.67 
2.59 
2.50 
2.52 
2.58 
2.67 
2.59 
2.52 
2.67 
2.58 
2.52 
2.50 
2.50 
2.50 
2.50 
2.50 
2.50 
2.36 
2.19 
2.19 
2.19 
2.19 
2.19 
2.19 
2.19 
2.01 
1.82 
1.68 
1.59 
1.56 
1.56 
1.59 
1.68 
1.89 
1.97 
1.90 
1.87 
1.87 
1.87 
1.87 
1.87 
1.82 
1.89 
1.97 
1.90 
1.87 
1.87 
1.82 
1.68 
1.59 
1.56 
1.56 
1.56 
1.73 
1.83 
1.69 
1.56 
1.40 
1.48 
1.59 
1.56 
1.72 
1.87 
1.87 
1.87 
1.87 
1.76 
1.56 
1.61 
1.89 
1.98 
1.91 
1.88 
1.88 
1.88 
1.88 
1.88 
1.88 
1.88 
1.88 
1.88 
1.88 
1.88 
1.88 
1.88 
1.88 
1.91 
1.78 
1.68 
1.89 
2.10 
2.26 
2.21 
2.19 
2.10 
1.98 
2.08 
2.21 
2.04 
1.88 
2.04 
2.19 
2.10 
1.98 
1.91 
2.05 
2.19 
2.19 
2.19 
2.35 
2.50 
2.37 
2.27 
2.39 
2.52 
2.38 
2.25 
2.10 
2.17 
2.28 
2.38 
2.52 
2.59 
2.65 
2.44 
2.47 
2.52 
2.38 
2.25 
2.30 
2.38 
2.48 
2.58 
2.43 
2.43 
2.44 
2.47 
2.52 
2.59 
2.65 
2.64 
2.65 
2.43 
2.43 
2.44 
2.47 
2.52 
2.58 
2.67 
2.74 
2.80 
2.87 
2.87 
2.64 
2.65 
2.66 
2.64 
2.65 
2.65 
2.64 
2.66 
2.88 
2.87 
2.87 
2.87 
2.88 
2.88 
2.87 
2.87 
2.80 
2.73 
2.68 
2.87 
2.87 
2.87 
2.87 
2.80 
2.95 
2.90 
2.89 
2.87 
2.87 
3.08 
3.01 
2.95 
3.07 
3.01 
2.95 
3.12 
3.07 
2.97 
3.09 
3.01 
2.95 
3.13 
3.11 
3.08 
3.14 
3.00 
2.88 
2.96 
3.08 
3.00 
2.95 
2.90 
2.88 
3.09 
3.31 
3.54 
3.68 
3.80 
3.75 
3.68 
3.61 
3.55 
3.63 
3.44 
3.24 
3.05 
2.87 
2.71 
2.58 
2.48 
2.42 
2.21 
1.99 
1.77 
1.56 
1.33 
1.33 
1.33 
1.32 
1.34 
1.40 
1.47 
1.29 
0.99 
0.69 
0.49 
0.31 
0.94 
0.63 
0.32 
0.21 
0.49 
0.62 
0.62 
0.69 
0.88 
0.94 
0.94 
0.94 
0.99 
1.13 
1.25 
1.25 
1.13 
0.99 
0.94 
0.94 
1.11 
1.25 
1.12 
0.98 
1.10 
1.25 
1.25 
1.25 
1.25 
1.34 
1.40 
1.29 
1.41 
1.56 
1.40 
1.49 
1.59 
1.73 
1.83 
1.69 
1.78 
1.91 
2.05 
2.19 
2.35 
2.50 
2.37 
2.47 
2.58 
2.64 
2.65 
2.64 
2.65 
2.65 
2.64 
2.66 
2.69 
2.73 
2.80 
2.87 
2.87 
2.87 
2.88 
2.87 
2.88 
2.87 
2.87 
2.87 
2.87 
2.87 
2.87 
2.80 
2.88 
2.76 
2.67 
2.58 
2.51 
2.68 
2.66 
2.58 
2.67 
2.80 
2.74 
2.67 
2.80 
2.73 
2.67 
2.80 
2.73 
2.67 
2.80 
2.83 
2.70 
2.58 
2.67 
2.59 
2.52 
2.58 
2.67 
2.58 
2.50 
2.52 
2.58 
2.47 
2.37 
2.50 
2.50 
2.50 
2.35 
2.21 
2.28 
2.38 
2.50 
2.50 
2.50 
2.50 
2.50 
2.35 
2.19 
2.19 
2.19 
2.19 
2.19 
2.19 
2.19 
2.19 
2.19 
2.19 
2.19 
2.19 
2.19 
2.10 
1.98 
1.91 
1.88 
1.88 
1.88 
1.88 
1.73 
1.57 
1.73 
1.82 
1.68 
1.59 
1.56 
1.56 
1.56 
1.40 
1.49 
1.59 
1.56 
1.56 
1.56 
1.56 
1.73 
1.87 
1.82 
1.68 
1.56 
1.62 
1.69 
1.60 
1.57 
1.57 
1.55 
1.54 
1.56 
1.40 
1.29 
1.25 
1.41 
1.56 
1.56 
1.61 
1.68 
1.78 
1.91 
1.88 
1.88 
1.88 
1.83 
1.69 
1.60 
1.57 
1.57 
1.60 
1.69 
1.83 
1.88 
1.88 
1.88 
1.88 
1.88 
1.88 
1.88 
1.91 
1.98 
2.18 
2.38 
2.30 
2.10 
1.98 
2.08 
2.21 
2.19 
2.19 
2.19 
2.10 
1.98 
2.09 
2.21 
2.19 
2.19 
2.19 
2.09 
2.17 
2.27 
2.20 
2.18 
2.35 
2.50 
2.50 
2.59 
2.67 
2.52 
2.58 
2.65 
2.44 
2.47 
2.51 
2.37 
2.47 
2.52 
2.38 
2.26 
2.30 
2.38 
2.48 
2.53 
2.38 
2.43 
2.44 
2.47 
2.52 
2.58 
2.65 
2.43 
2.43 
2.43 
2.43 
2.43 
2.43 
2.45 
2.47 
2.52 
2.59 
2.64 
2.65 
2.65 
2.65 
2.65 
2.65 
2.65 
2.65 
2.65 
2.65 
2.65 
2.64 
2.59 
2.52 
2.47 
2.45 
2.43 
2.43 
2.43 
2.43 
2.64 
2.65 
2.65 
2.58 
2.52 
2.47 
2.37 
2.51 
2.47 
2.44 
2.65 
2.59 
2.52 
2.47 
2.38 
2.52 
2.47 
2.44 
2.64 
2.80 
2.74 
2.67 
2.80 
2.73 
2.69 
2.88 
2.87 
2.79 
2.89 
2.77 
2.67 
2.80 
2.95 
3.13 
3.32 
3.29 
3.21 
3.36 
3.49 
3.43 
3.38 
3.56 
3.66 
3.78 
3.78 
3.54 
3.32 
3.11 
3.09 
3.09 
2.88 
2.69 
2.52 
2.33 
2.17 
1.98 
1.77 
1.56 
1.55 
1.55 
1.35 
1.40 
1.49 
1.30 
1.11 
0.94 
0.21 
0.49 
0.79 
0.93 
0.93 
0.93 
0.93 
0.93 
0.93 
1.10 
1.25 
1.25 
1.13 
0.99 
1.10 
1.25 
1.13 
0.99 
1.10 
1.25 
1.13 
1.20 
1.29 
1.25 
1.42 
1.56 
1.60 
1.68 
1.78 
1.90 
1.82 
1.89 
2.17 
2.26 
2.10 
2.18 
2.28 
2.39 
2.48 
2.53 
2.57 
2.64 
2.65 
2.43 
2.43 
2.45 
2.48 
2.50 
2.53 
2.71 
2.68 
2.67 
2.66 
2.64 
2.59 
2.52 
2.47 
2.38 
2.52 
2.47 
2.45 
2.43 
2.37 
2.51 
2.40 
2.28 
2.38 
2.31 
2.26 
2.38 
2.31 
2.26 
2.38 
2.30 
2.25 
2.37 
2.51 
2.58 
2.48 
2.38 
2.50 
2.35 
2.21 
2.28 
2.17 
2.10 
2.21 
2.28 
2.38 
2.49 
2.34 
2.18 
2.18 
2.20 
2.08 
1.97 
2.09 
2.19 
2.21 
2.09 
1.98 
2.10 
2.19 
2.19 
2.19 
2.19 
2.19 
2.19 
2.19 
2.19 
2.10 
1.98 
1.78 
1.60 
1.57 
1.73 
1.88 
1.88 
1.88 
1.88 
1.91 
1.98 
1.91 
1.88 
1.88 
1.88 
1.88 
1.88 
1.88 
1.88 
1.88 
1.88 
1.82 
1.68 
1.78 
1.90 
1.87 
1.82 
1.89 
1.97 
1.90 
1.82 
1.68 
1.55 
1.32 
1.12 
0.98 
0.93 
1.10 
1.25 
1.25 
1.13 
1.19 
1.29 
1.25 
1.41 
1.56 
1.40 
1.29 
1.35 
1.40 
1.29 
1.25 
1.25 
1.42 
1.56 
1.40 
1.29 
1.25 
1.25 
1.25 
1.41 
1.56 
1.56 
1.59 
1.68 
1.61 
1.56 
1.57 
1.57 
1.57 
1.60 
1.69 
1.83 
1.88 
2.04 
2.21 
2.28 
2.21 
2.19 
2.35 
2.50 
2.31 
2.10 
1.98 
2.09 
2.21 
2.19 
2.05 
1.88 
2.05 
2.21 
2.19 
2.19 
2.35 
2.50 
2.37 
2.27 
2.39 
2.52 
2.35 
2.18 
2.34 
2.50 
2.65 
2.81 
2.80 
2.66 
2.66 
2.69 
2.74 
2.80 
2.67 
2.51 
2.37 
2.47 
2.52 
2.38 
2.43 
2.43 
2.43 
2.43 
2.43 
2.44 
2.25 
2.30 
2.38 
2.47 
2.52 
2.38 
2.43 
2.65 
2.65 
2.43 
2.43 
2.43 
2.43 
2.44 
2.47 
2.47 
2.44 
2.43 
2.43 
2.43 
2.43 
2.43 
2.43 
2.43 
2.43 
2.43 
2.43 
2.43 
2.38 
2.31 
2.25 
2.22 
2.21 
2.43 
2.43 
2.43 
2.43 
2.38 
2.30 
2.25 
2.44 
2.43 
2.38 
2.32 
2.26 
2.38 
2.30 
2.26 
2.44 
2.43 
2.42 
2.65 
2.59 
2.52 
2.67 
2.59 
2.52 
2.58 
2.67 
2.59 
2.52 
2.47 
2.44 
2.65 
2.59 
2.52 
2.67 
2.80 
2.95 
3.13 
3.32 
3.29 
3.19 
3.27 
3.37 
3.50 
3.65 
3.46 
3.27 
3.05 
2.86 
2.68 
2.49 
2.33 
2.18 
1.88 
1.61 
1.35 
1.32 
1.33 
1.11 
0.91 
0.70 
0.45 
0.22 
1.56 
1.25 
0.94 
0.62 
0.31 
0.22 
0.22 
0.49 
0.63 
0.80 
0.99 
1.13 
1.33 
1.29 
1.13 
0.99 
1.11 
1.25 
1.25 
1.42 
1.56 
1.40 
1.29 
1.41 
1.56 
1.40 
1.49 
1.59 
1.54 
1.55 
1.56 
1.61 
1.69 
1.78 
1.91 
2.03 
2.09 
2.17 
2.25 
2.30 
2.31 
2.16 
2.20 
2.21 
2.21 
2.21 
2.22 
2.25 
2.26 
2.22 
2.19 
2.11 
2.05 
2.02 
2.00 
1.99 
2.01 
2.17 
2.32 
2.32 
2.28 
2.17 
2.09 
2.25 
2.17 
2.09 
2.04 
1.98 
2.10 
2.04 
1.91 
1.98 
2.10 
2.26 
2.17 
2.09 
2.24 
2.17 
2.09 
2.19 
2.21 
2.08 
1.98 
2.10 
2.04 
1.88 
1.88 
1.91 
1.78 
1.68 
1.82 
1.97 
2.09 
2.18 
2.04 
1.87 
1.90 
1.97 
1.89 
1.82 
1.88 
1.88 
1.91 
1.98 
2.10 
2.16 
2.16 
2.16 
2.16 
2.16 
2.16 
2.16 
2.10 
1.98 
1.91 
1.88 
1.88 
1.88 
1.88 
1.82 
1.68 
1.59 
1.56 
1.56 
1.56 
1.73 
1.87 
1.87 
1.87 
1.87 
1.87 
1.82 
1.68 
1.59 
1.73 
1.87 
1.82 
1.89 
1.98 
1.83 
1.69 
1.60 
1.56 
1.40 
1.29 
1.25 
1.41 
1.54 
1.33 
1.13 
0.99 
1.10 
1.25 
1.25 
1.13 
1.20 
1.29 
1.25 
1.25 
1.34 
1.40 
1.29 
1.13 
0.99 
1.10 
1.25 
1.25 
1.25 
1.25 
1.42 
1.56 
1.56 
1.56 
1.56 
1.56 
1.59 
1.68 
1.61 
1.56 
1.73 
1.87 
1.87 
1.90 
1.78 
1.68 
1.82 
1.98 
2.10 
2.31 
2.38 
2.28 
2.21 
2.19 
2.21 
2.19 
2.19 
2.19 
2.19 
2.19 
2.35 
2.50 
2.37 
2.47 
2.58 
2.52 
2.50 
2.50 
2.59 
2.67 
2.76 
2.88 
2.80 
2.67 
2.74 
2.80 
2.67 
2.77 
2.88 
2.69 
2.73 
2.80 
2.67 
2.74 
2.80 
2.64 
2.66 
2.64 
2.65 
2.69 
2.52 
2.58 
2.65 
2.43 
2.43 
2.44 
2.47 
2.52 
2.52 
2.47 
2.44 
2.43 
2.43 
2.43 
2.43 
2.43 
2.43 
2.43 
2.43 
2.43 
2.37 
2.30 
2.25 
2.22 
2.21 
2.21 
2.21 
2.21 
2.21 
2.21 
2.21 
2.17 
2.10 
2.04 
2.01 
2.21 
2.21 
2.21 
2.21 
2.21 
2.38 
2.32 
2.26 
2.22 
2.22 
2.38 
2.31 
2.25 
2.17 
2.09 
2.25 
2.38 
2.31 
2.26 
2.45 
2.43 
2.38 
2.52 
2.67 
2.58 
2.51 
2.47 
2.38 
2.59 
2.80 
2.74 
2.67 
2.80 
2.74 
2.67 
2.80 
2.95 
3.12 
3.27 
3.37 
3.24 
3.05 
2.86 
2.67 
2.51 
2.33 
2.17 
1.99 
1.77 
1.77 
1.78 
1.61 
1.68 
1.78 
1.73 
1.56 
0.63 
0.31 
0.21 
0.31 
0.45 
0.66 
0.70 
0.80 
0.94 
1.10 
0.89 
0.66 
0.45 
0.23 
0.31 
0.50 
0.71 
0.99 
1.19 
1.40 
1.52 
1.51 
1.53 
1.58 
1.62 
1.62 
1.64 
1.66 
1.70 
1.77 
1.87 
1.88 
1.80 
1.86 
1.86 
1.86 
1.87 
1.86 
1.98 
1.89 
1.83 
1.78 
1.77 
1.77 
1.77 
1.78 
1.77 
1.98 
1.91 
1.88 
1.86 
1.86 
1.90 
1.78 
1.68 
1.82 
1.98 
1.92 
1.88 
1.98 
1.89 
1.83 
1.98 
2.05 
2.01 
1.97 
2.05 
2.17 
2.08 
1.97 
2.09 
2.03 
1.98 
2.10 
2.16 
2.04 
1.88 
1.88 
1.73 
1.59 
1.68 
1.82 
1.87 
1.87 
1.73 
1.59 
1.68 
1.82 
1.87 
1.87 
1.87 
1.87 
1.87 
1.87 
1.87 
1.87 
1.87 
1.73 
1.56 
1.56 
1.56 
1.56 
1.56 
1.73 
1.87 
1.87 
1.87 
1.82 
1.68 
1.59 
1.56 
1.56 
1.56 
1.56 
1.56 
1.73 
1.82 
1.68 
1.59 
1.56 
1.56 
1.40 
1.29 
1.25 
1.34 
1.40 
1.29 
1.25 
1.25 
1.25 
1.25 
1.13 
1.19 
1.29 
1.25 
1.13 
0.99 
0.94 
1.10 
1.25 
1.13 
0.99 
1.10 
1.12 
0.98 
0.93 
1.10 
1.13 
0.99 
0.89 
0.91 
0.99 
0.94 
0.94 
0.94 
1.11 
1.25 
1.11 
0.94 
1.11 
1.25 
1.25 
1.42 
1.56 
1.42 
1.25 
1.25 
1.25 
1.25 
1.29 
1.40 
1.56 
1.56 
1.59 
1.68 
1.82 
1.97 
1.98 
1.88 
1.80 
1.77 
1.70 
1.63 
1.70 
1.80 
1.87 
1.87 
2.04 
2.18 
2.18 
2.04 
1.90 
2.04 
2.18 
2.18 
2.29 
2.38 
2.28 
2.39 
2.48 
2.42 
2.52 
2.57 
2.48 
2.38 
2.48 
2.57 
2.48 
2.57 
2.67 
2.73 
2.80 
2.67 
2.68 
2.70 
2.57 
2.64 
2.64 
2.66 
2.65 
2.65 
2.69 
2.73 
2.79 
2.64 
2.66 
2.65 
2.66 
2.69 
2.53 
2.59 
2.65 
2.66 
2.64 
2.65 
2.65 
2.65 
2.65 
2.65 
2.58 
2.52 
2.47 
2.44 
2.43 
2.43 
2.43 
2.43 
2.43 
2.17 
2.09 
2.04 
2.00 
2.21 
2.21 
2.21 
2.17 
2.10 
2.04 
2.00 
2.21 
2.22 
2.21 
2.18 
2.10 
2.26 
2.22 
2.21 
2.38 
2.30 
2.24 
2.44 
2.43 
2.38 
2.31 
2.26 
2.38 
2.52 
2.47 
2.38 
2.52 
2.47 
2.44 
2.57 
2.70 
2.64 
2.57 
2.67 
2.73 
2.65 
2.58 
2.67 
2.57 
2.48 
2.41 
2.33 
2.29 
2.29 
2.21 
2.01 
1.83 
1.69 
1.77 
1.78 
1.61 
1.49 
1.29 
0.99 
0.79 
0.63 
0.22 
0.49 
0.80 
0.88 
0.91 
0.99 
1.10 
1.25 
1.42 
1.56 
1.62 
1.68 
1.59 
1.73 
1.82 
1.80 
1.70 
1.63 
1.58 
1.56 
1.56 
1.56 
1.57 
1.56 
1.56 
1.57 
1.64 
1.64 
1.64 
1.62 
1.58 
1.56 
1.58 
1.58 
1.66 
1.75 
1.73 
1.59 
1.68 
1.61 
1.56 
1.68 
1.61 
1.56 
1.68 
1.77 
1.70 
1.66 
1.74 
1.87 
1.86 
1.79 
1.87 
1.86 
1.77 
1.80 
1.72 
1.59 
1.68 
1.82 
1.91 
1.78 
1.69 
1.83 
1.88 
1.88 
1.73 
1.59 
1.68 
1.82 
1.87 
1.87 
1.87 
1.87 
1.87 
1.87 
1.87 
1.73 
1.56 
1.56 
1.56 
1.56 
1.56 
1.56 
1.56 
1.40 
1.29 
1.42 
1.56 
1.56 
1.56 
1.56 
1.70 
1.77 
1.69 
1.60 
1.57 
1.57 
1.57 
1.57 
1.56 
1.40 
1.29 
1.25 
1.41 
1.56 
1.41 
1.25 
1.25 
1.25 
1.13 
1.19 
1.29 
1.25 
1.13 
0.99 
0.94 
0.94 
1.10 
1.13 
0.99 
0.88 
0.89 
0.88 
0.69 
0.62 
0.62 
0.62 
0.66 
0.70 
0.63 
0.63 
0.66 
0.70 
0.63 
0.63 
0.63 
0.44 
0.31 
0.31 
0.31 
0.31 
0.23 
0.22 
0.22 
0.49 
0.80 
0.88 
0.91 
0.99 
1.10 
1.25 
1.42 
1.56 
1.62 
1.68 
1.59 
1.73 
1.82 
1.80 
1.70 
1.63 
1.58 
1.56 
1.56 
1.56 
1.57 
1.56 
1.56 
1.57 
1.64 
1.64 
1.64 
1.62 
1.58 
1.56 
1.58 
1.58 
1.66 
1.75 
1.73 
1.59 
1.68 
1.61 
1.56 
1.68 
1.61 
1.56 
1.68 
1.77 
1.70 
1.66 
1.74 
1.87 
1.86 
1.79 
1.87 
1.86 
1.77 
1.80 
1.72 
1.59 
1.68 
1.82 
1.91 
1.78 
1.69 
1.83 
1.88 
1.88 
1.73 
1.59 
1.68 
1.82 
1.87 
1.87 
1.87 
1.87 
1.87 
1.87 
1.87 
1.73 
1.56 
1.56 
1.56 
1.56 
1.56 
1.56 
1.56 
1.40 
1.29 
1.42 
1.56 
1.56 
1.56 
1.56 
1.70 
1.77 
1.69 
1.60 
1.57 
1.57 
1.57 
1.57 
1.56 
1.40 
1.29 
1.25 
1.41 
1.56 
1.41 
1.25 
1.25 
1.25 
1.13 
1.19 
1.29 
1.25 
1.13 
0.99 
0.94 
0.94 
1.10 
1.13 
0.99 
0.88 
0.89 
0.88 
0.69 
0.62 
0.62 
0.62 
0.66 
0.70 
0.63 
0.63 
0.66 
0.70 
0.63 
0.63 
0.63 
0.44 
0.31 
0.31 
0.31 
0.31 
0.23 
0.00 
0.22 
0.93 
0.62 
0.31 
0.23 
0.31 
0.44 
0.62 
0.70 
0.88 
0.99 
1.13 
1.29 
1.29 
1.13 
0.99 
0.94 
0.80 
0.63 
0.70 
0.89 
1.11 
1.25 
1.29 
1.29 
1.25 
1.29 
1.49 
1.59 
1.56 
1.73 
1.82 
1.69 
1.78 
1.80 
1.66 
1.64 
1.65 
1.62 
1.70 
1.76 
1.76 
1.86 
1.95 
1.88 
1.91 
1.98 
2.02 
2.05 
2.11 
2.17 
2.20 
2.26 
2.33 
2.53 
2.57 
2.64 
2.67 
2.48 
2.50 
2.51 
2.53 
2.53 
2.50 
2.50 
2.50 
2.49 
2.50 
2.51 
2.53 
2.58 
2.64 
2.64 
2.40 
2.36 
2.32 
2.32 
2.32 
2.32 
2.32 
2.33 
2.36 
2.36 
2.32 
2.32 
2.32 
2.32 
2.29 
2.19 
2.10 
2.05 
2.01 
2.00 
2.16 
2.11 
2.05 
2.02 
2.00 
2.15 
2.16 
2.17 
2.20 
2.21 
2.21 
2.21 
2.37 
2.31 
2.25 
2.38 
2.30 
2.26 
2.38 
2.31 
2.21 
2.28 
2.38 
2.30 
2.25 
2.18 
2.09 
2.21 
2.09 
1.98 
2.10 
2.21 
2.28 
2.17 
1.97 
1.78 
1.59 
1.29 
1.10 
0.93 
0.31 
0.45 
0.66 
0.88 
0.89 
0.88 
1.10 
1.33 
1.11 
0.89 
0.66 
0.44 
0.22 
0.23 
0.44 
0.66 
0.88 
1.11 
1.35 
1.56 
1.56 
1.69 
1.82 
1.73 
1.56 
1.59 
1.68 
1.61 
1.56 
1.55 
1.56 
1.68 
1.60 
1.56 
1.60 
1.49 
1.40 
1.56 
1.49 
1.40 
1.56 
1.68 
1.60 
1.56 
1.56 
1.56 
1.41 
1.29 
1.48 
1.68 
1.61 
1.56 
1.57 
1.42 
1.25 
1.25 
1.42 
1.57 
1.57 
1.57 
1.57 
1.57 
1.42 
1.25 
1.25 
1.25 
1.25 
1.25 
1.25 
1.42 
1.56 
1.40 
1.29 
1.13 
0.99 
0.94 
0.94 
0.94 
0.94 
0.94 
0.94 
0.94 
0.94 
0.94 
1.10 
1.25 
1.25 
1.25 
1.25 
1.13 
0.99 
0.80 
0.63 
0.79 
0.94 
0.94 
0.94 
0.89 
0.66 
0.44 
0.22 
0.22 
0.31 
0.31 
0.45 
0.66 
0.88 
0.89 
0.88 
1.10 
1.33 
1.11 
0.89 
0.66 
0.44 
0.22 
0.23 
0.44 
0.66 
0.88 
1.11 
1.35 
1.56 
1.56 
1.69 
1.82 
1.73 
1.56 
1.59 
1.68 
1.61 
1.56 
1.55 
1.56 
1.68 
1.60 
1.56 
1.60 
1.49 
1.40 
1.56 
1.49 
1.40 
1.56 
1.68 
1.60 
1.56 
1.56 
1.56 
1.41 
1.29 
1.48 
1.68 
1.61 
1.56 
1.57 
1.42 
1.25 
1.25 
1.42 
1.57 
1.57 
1.57 
1.57 
1.57 
1.42 
1.25 
1.25 
1.25 
1.25 
1.25 
1.25 
1.42 
1.56 
1.40 
1.29 
1.13 
0.99 
0.94 
0.94 
0.94 
0.94 
0.94 
0.94 
0.94 
0.94 
0.94 
1.10 
1.25 
1.25 
1.25 
1.25 
1.13 
0.99 
0.80 
0.63 
0.79 
0.94 
0.94 
0.94 
0.89 
0.66 
0.44 
0.22 
0.22 
0.31 
1.33 
1.29 
1.25 
1.25 
1.10 
0.88 
0.66 
0.45 
0.22 
0.22 
0.32 
0.45 
0.66 
0.89 
1.11 
1.33 
0.31 
0.45 
0.66 
0.88 
0.89 
0.88 
1.10 
1.33 
1.11 
0.89 
0.66 
0.44 
0.22 
0.23 
0.44 
0.66 
0.88 
1.11 
1.35 
1.56 
1.56 
1.69 
1.82 
1.73 
1.56 
1.59 
1.68 
1.61 
1.56 
1.55 
1.56 
1.68 
1.60 
1.56 
1.60 
1.49 
1.40 
1.56 
1.49 
1.40 
1.56 
1.68 
1.60 
1.56 
1.56 
1.56 
1.41 
1.29 
1.48 
1.68 
1.61 
1.56 
1.57 
1.42 
1.25 
1.25 
1.42 
1.57 
1.57 
1.57 
1.57 
1.57 
1.42 
1.25 
1.25 
1.25 
1.25 
1.25 
1.25 
1.42 
1.56 
1.40 
1.29 
1.13 
0.99 
0.94 
0.94 
0.94 
0.94 
0.94 
0.94 
0.94 
0.94 
0.94 
1.10 
1.25 
1.25 
1.25 
1.25 
1.13 
0.99 
0.80 
0.63 
0.79 
0.94 
0.94 
0.94 
0.89 
0.66 
0.44 
0.22 
0.22 
0.31 
1.33 
1.29 
1.25 
1.25 
1.10 
0.88 
0.66 
0.45 
0.22 
0.22 
0.32 
0.45 
0.66 
0.89 
1.11 
1.33 
1.11 
0.88 
0.66 
0.45 
0.23 
0.22 
0.49 
0.62 
0.79 
0.93 
0.79 
0.62 
0.80 
0.93 
1.10 
1.13 
1.19 
1.29 
1.35 
1.40 
1.49 
1.56 
1.61 
1.66 
1.58 
1.53 
1.52 
1.50 
1.51 
1.52 
1.53 
1.56 
1.53 
1.51 
1.50 
1.50 
1.52 
1.56 
1.64 
1.74 
1.86 
2.00 
2.16 
2.17 
2.09 
2.03 
2.00 
1.99 
1.99 
1.99 
1.99 
2.00 
2.04 
2.04 
2.00 
1.99 
1.99 
1.99 
1.73 
1.59 
1.48 
1.40 
1.34 
1.33 
1.33 
1.11 
0.99 
1.13 
1.11 
0.22 
