0008|0000 834
0008|0005 ISO_IR 100
0008|0008 ORIGINAL\PRIMARY\M\DIS2D
0008|0016 1.2.840.10008.5.1.4.1.1.4
0008|0018 1.3.6.1.4.1.21767.172.16.10.237.1241550567.2.0.7.131
0008|0020 20090422
0008|0021 20090422
0008|0022 20090422
0008|0023 20090422
0008|0030 072412.234000 
0008|0031 082254.937000 
0008|0032 081205.157496 
0008|0033 082258.078000 
0008|0050 016612800717
0008|0060 MR
0008|0070 SIEMENS 
0008|0080 OAI Image Release 6.C.1 
0008|0090 
0008|1010 
0008|1030 OAI^MR^48 MONTH^RIGHT 
0008|103e SAG_T2_MAP_RIGHT
0008|1050 
0008|1060 
0008|1090 Trio
0010|0000 112
0010|0010 OAI9289921
0010|0020 9289921 
0010|0030 
0010|0040 O 
0010|1000 016612800717
0010|1010 
0010|1030 83.99 
0010|4000 INCIDENCE 
0012|0050 V06 
0012|0051 48 month Annual Visit 
0018|0000 478
0018|0015 KNEE
0018|0020 SE
0018|0021 SP\OSP
0018|0022 
0018|0023 2D
0018|0024 se2d7 
0018|0025 N 
0018|0050 3.5 
0018|0080 2700
0018|0081 40
0018|0083 1 
0018|0084 123.226526
0018|0085 1H
0018|0086 3 
0018|0087 3 
0018|0088 4.06
0018|0089 235 
0018|0091 1 
0018|0093 70.05208333 
0018|0094 100 
0018|0095 250 
0018|1000 20574 
0018|1020 syngo MR 2004A 4VA25A 
0018|1030 Sagittal T2 Map 120mmFOV
0018|1200 20070628
0018|1201 163607.000000 
0018|1251 Extremity_2 
0018|1310 0\384\269\0
0018|1312 ROW 
0018|1314 180 
0018|1315 N 
0018|1316 0.19140803813934
0018|1318 0 
0018|5100 FFS 
0020|0000 360
0020|000d 1.3.6.1.4.1.21767.172.16.10.237.1241550567.2.0
0020|000e 1.3.6.1.4.1.21767.172.16.10.237.1241550567.2.0.7
0020|0010 1 
0020|0011 8 
0020|0012 1 
0020|0013 132 
0020|0032 -9.7292001758096\-93.328442721896\65.632530212402 
0020|0037 0.0819384407685\0.99663739239727\0\0\0\-1 
0020|0052 1.3.6.1.4.1.21767.172.16.10.237.1241550567.5.0
0020|1040 
0020|1041 -2.0492976173456
0020|4000 RIGHT 
0028|0000 154
0028|0002 1
0028|0004 MONOCHROME2 
0028|0010 384
0028|0011 384
0028|0030 0.4296875\0.4296875 
0028|0100 16
0028|0101 12
0028|0102 11
0028|0103 0
0028|1050 74
0028|1051 185 
0028|1055 Algo1 
0032|0000 42
0032|1032 
0032|1060 OAI001 RIGHT
0032|4000 RIGHT 
0040|0000 82
0040|0244 20090422
0040|0245 072412.234000 
0040|0253 MR20090422072412
0040|0254 OAI001^RIGHT
0088|0000 64
0088|0140 1.3.12.2.1107.5.2.13.20574.30000009042211091096800000013
7fe0|0000 294924
