0008|0005 ISO_IR 100
0008|0008 ORIGINAL\PRIMARY\OTHER
0008|0016 1.2.840.10008.5.1.4.1.1.4
0008|0018 1.3.6.1.4.1.19291.2.1.3.1240241521310421957358691130119
0008|0020 20160830
0008|0021 20160830
0008|0022 20160830
0008|0023 20160830
0008|0030 172038
0008|0031 173529
0008|0032 173529
0008|0033 173529
0008|0050 
0008|0060 MR
0008|0070 GE MEDICAL SYSTEMS
0008|0090 
0008|1010 No3 
0008|103e Sag DESS 3132 30 HiRes thk1p5 ARCx2 
0008|1090 DISCOVERY MR750 
0010|0030 
0010|0040 
0010|1010 000Y
0010|1030 77.11 
0010|21b0 
0018|0020 RM
0018|0021 NONE
0018|0022 EDR_GEMS\ACC_GEMS 
0018|0023 3D
0018|0025 N 
0018|0050 1.5 
0018|0080 25
0018|0081 42.52 
0018|0083 1 
0018|0084 127.764605
0018|0085 1H
0018|0086 2 
0018|0087 3 
0018|0088 1.5 
0018|0091 1 
0018|0093 100 
0018|0094 100 
0018|0095 122.07
0018|1000 0000415723SCHMR2
0018|1020 25\LX\MR Software release:DV25.0_R02_1549.b 
0018|1088 0 
0018|1090 0 
0018|1094 0 
0018|1100 160 
0018|1250 RM:GEM Flex M 
0018|1310 0\512\320\0
0018|1312 ROW 
0018|1314 30
0018|1315 N 
0018|1316 0.330652
0018|5100 FFS 
0020|000d 1.3.6.1.4.1.19291.2.1.1.1240241521310421957358691118117
0020|000e 1.3.6.1.4.1.19291.2.1.2.1240241521310421957358691130118
0020|0010 10157 
0020|0011 5 
0020|0012 1 
0020|0013 2 
0020|0032 13.0848\-68.3588\79.8372
0020|0037 -0\1\0\-0\-0\-1 
0020|0052 1.2.840.113619.2.374.12858475.7503947.20468.1472179928.568
0020|0060 
0020|1002 160 
0020|1040 
0020|1041 -13.08479977
0020|9056 1 
0020|9057 1
0028|0002 1
0028|0004 MONOCHROME2 
0028|0010 512
0028|0011 512
0028|0030 0.3125\0.3125 
0028|0100 16
0028|0101 16
0028|0102 15
0028|0103 1
0028|0106 0
0028|0107 2992
0028|1050 1496
0028|1051 2992
0040|0242 No3 
0040|0243 No
