105.70 94.75 28.42 
105.49 94.53 28.42 
105.49 94.10 28.42 
105.27 93.89 28.42 
105.06 93.67 28.42 
105.06 93.24 28.42 
104.84 93.03 28.42 
104.63 92.81 28.42 
104.63 92.38 28.42 
104.41 92.17 28.42 
104.20 91.95 28.42 
104.20 91.52 28.42 
103.98 91.31 28.42 
103.77 91.09 28.42 
103.77 90.66 28.42 
103.55 90.45 28.42 
103.34 90.23 28.42 
103.34 89.80 28.42 
103.13 89.59 28.42 
102.91 89.38 28.42 
102.91 88.95 28.42 
102.70 88.73 28.42 
102.48 88.52 28.42 
102.27 88.30 28.42 
102.05 88.09 28.42 
101.84 87.87 28.42 
101.62 87.66 28.42 
101.62 87.23 28.42 
101.41 87.01 28.42 
101.19 86.80 28.42 
100.98 86.58 28.42 
100.76 86.37 28.42 
100.55 86.15 28.42 
100.33 85.94 28.42 
100.12 85.72 28.42 
99.90 85.51 28.42 
99.69 85.29 28.42 
99.47 85.08 28.42 
99.26 84.86 28.42 
98.83 84.86 28.42 
98.61 84.65 28.42 
98.40 84.43 28.42 
98.18 84.22 28.42 
97.97 84.00 28.42 
97.75 83.79 28.42 
97.54 83.57 28.42 
97.32 83.36 28.42 
97.11 83.14 28.42 
96.89 82.93 28.42 
96.68 82.71 28.42 
96.46 82.50 28.42 
96.25 82.29 28.42 
96.04 82.07 28.42 
95.82 81.86 28.42 
95.61 81.64 28.42 
95.39 81.43 28.42 
94.96 81.43 28.42 
105.70 94.75 28.42 
103.98 110.21 32.48 
103.77 110.00 32.48 
103.77 109.57 32.48 
103.98 109.36 32.48 
104.20 109.14 32.48 
104.20 108.71 32.48 
104.41 108.50 32.48 
104.63 108.28 32.48 
104.63 107.85 32.48 
104.84 107.64 32.48 
105.06 107.42 32.48 
105.06 106.99 32.48 
105.27 106.78 32.48 
105.49 106.56 32.48 
105.49 106.13 32.48 
105.70 105.92 32.48 
105.92 105.70 32.48 
105.92 105.27 32.48 
105.92 104.84 32.48 
106.13 104.63 32.48 
106.35 104.41 32.48 
106.35 103.98 32.48 
106.35 103.55 32.48 
106.56 103.34 32.48 
106.78 103.13 32.48 
106.78 102.70 32.48 
106.78 102.27 32.48 
106.78 101.84 32.48 
106.78 101.41 32.48 
106.99 101.19 32.48 
107.21 100.98 32.48 
107.21 100.55 32.48 
107.21 100.12 32.48 
107.21 99.69 32.48 
107.21 99.26 32.48 
107.21 98.83 32.48 
107.21 98.40 32.48 
107.21 97.97 32.48 
107.21 97.54 32.48 
107.21 97.11 32.48 
106.99 96.89 32.48 
106.78 96.68 32.48 
106.78 96.25 32.48 
106.78 95.82 32.48 
106.56 95.61 32.48 
106.35 95.39 32.48 
106.35 94.96 32.48 
106.35 94.53 32.48 
106.13 94.32 32.48 
105.92 94.10 32.48 
105.92 93.67 32.48 
105.92 93.24 32.48 
105.70 93.03 32.48 
105.49 92.81 32.48 
105.49 92.38 32.48 
105.27 92.17 32.48 
105.06 91.95 32.48 
105.06 91.52 32.48 
104.84 91.31 32.48 
104.63 91.09 32.48 
104.63 90.66 32.48 
104.41 90.45 32.48 
104.20 90.23 32.48 
103.98 90.02 32.48 
103.77 89.80 32.48 
103.77 89.38 32.48 
103.55 89.16 32.48 
103.34 88.95 32.48 
103.13 88.73 32.48 
102.91 88.52 32.48 
102.91 88.09 32.48 
102.70 87.87 32.48 
102.48 87.66 32.48 
102.48 87.23 32.48 
102.27 87.01 32.48 
102.05 86.80 32.48 
101.84 86.58 32.48 
101.62 86.37 32.48 
101.41 86.15 32.48 
101.19 85.94 32.48 
100.98 85.72 32.48 
100.76 85.51 32.48 
100.55 85.29 32.48 
100.33 85.08 32.48 
100.12 84.86 32.48 
99.90 84.65 32.48 
99.69 84.43 32.48 
99.26 84.43 32.48 
99.04 84.22 32.48 
98.83 84.00 32.48 
98.61 83.79 32.48 
98.40 83.57 32.48 
98.18 83.36 32.48 
97.97 83.14 32.48 
97.75 82.93 32.48 
97.54 82.71 32.48 
97.32 82.50 32.48 
97.11 82.29 32.48 
96.68 82.29 32.48 
96.46 82.07 32.48 
96.25 81.86 32.48 
95.82 81.86 32.48 
95.61 81.64 32.48 
95.39 81.43 32.48 
94.96 81.43 32.48 
94.75 81.21 32.48 
94.53 81.00 32.48 
94.10 81.00 32.48 
93.89 80.78 32.48 
93.67 80.57 32.48 
93.24 80.57 32.48 
93.03 80.35 32.48 
92.81 80.14 32.48 
92.60 79.92 32.48 
92.38 79.71 32.48 
91.95 79.71 32.48 
91.52 79.71 32.48 
91.31 79.49 32.48 
91.09 79.28 32.48 
90.66 79.28 32.48 
90.45 79.06 32.48 
90.23 78.85 32.48 
89.80 78.85 32.48 
89.38 78.85 32.48 
88.95 78.85 32.48 
88.73 78.63 32.48 
88.52 78.42 32.48 
88.09 78.42 32.48 
87.66 78.42 32.48 
87.23 78.42 32.48 
86.80 78.42 32.48 
86.58 78.20 32.48 
86.37 77.99 32.48 
85.94 77.99 32.48 
85.51 77.99 32.48 
85.08 77.99 32.48 
84.86 77.77 32.48 
84.65 77.56 32.48 
84.22 77.56 32.48 
83.79 77.56 32.48 
83.36 77.56 32.48 
82.93 77.56 32.48 
82.50 77.56 32.48 
82.07 77.56 32.48 
81.64 77.56 32.48 
81.21 77.56 32.48 
80.78 77.56 32.48 
80.35 77.56 32.48 
104.41 110.64 36.54 
104.20 110.43 36.54 
104.41 110.21 36.54 
104.63 110.00 36.54 
104.63 109.57 36.54 
104.84 109.36 36.54 
105.06 109.14 36.54 
105.27 108.93 36.54 
105.49 108.71 36.54 
105.49 108.28 36.54 
105.70 108.07 36.54 
105.92 107.85 36.54 
105.92 107.42 36.54 
105.92 106.99 36.54 
106.13 106.78 36.54 
106.35 106.56 36.54 
106.35 106.13 36.54 
106.56 105.92 36.54 
106.78 105.70 36.54 
106.78 105.27 36.54 
106.78 104.84 36.54 
106.99 104.63 36.54 
107.21 104.41 36.54 
107.21 103.98 36.54 
107.21 103.55 36.54 
107.42 103.34 36.54 
107.64 103.13 36.54 
107.64 102.70 36.54 
107.64 102.27 36.54 
107.64 101.84 36.54 
107.64 101.41 36.54 
107.85 101.19 36.54 
108.07 100.98 36.54 
108.07 100.55 36.54 
108.07 100.12 36.54 
108.07 99.69 36.54 
107.85 99.47 36.54 
107.64 99.26 36.54 
107.64 98.83 36.54 
107.64 98.40 36.54 
107.64 97.97 36.54 
107.64 97.54 36.54 
107.64 97.11 36.54 
107.42 96.89 36.54 
107.21 96.68 36.54 
107.21 96.25 36.54 
107.21 95.82 36.54 
107.21 95.39 36.54 
106.99 95.18 36.54 
106.78 94.96 36.54 
106.78 94.53 36.54 
106.78 94.10 36.54 
106.56 93.89 36.54 
106.35 93.67 36.54 
106.35 93.24 36.54 
106.35 92.81 36.54 
106.13 92.60 36.54 
105.92 92.38 36.54 
105.92 91.95 36.54 
105.70 91.74 36.54 
105.49 91.52 36.54 
105.49 91.09 36.54 
105.27 90.88 36.54 
105.06 90.66 36.54 
105.06 90.23 36.54 
104.84 90.02 36.54 
104.63 89.80 36.54 
104.63 89.38 36.54 
104.41 89.16 36.54 
104.20 88.95 36.54 
103.98 88.73 36.54 
103.77 88.52 36.54 
103.77 88.09 36.54 
103.55 87.87 36.54 
103.34 87.66 36.54 
103.34 87.23 36.54 
103.13 87.01 36.54 
102.91 86.80 36.54 
102.70 86.58 36.54 
102.48 86.37 36.54 
102.27 86.15 36.54 
102.05 85.94 36.54 
101.84 85.72 36.54 
101.62 85.51 36.54 
101.41 85.29 36.54 
101.19 85.08 36.54 
100.98 84.86 36.54 
100.76 84.65 36.54 
100.55 84.43 36.54 
100.33 84.22 36.54 
100.12 84.00 36.54 
99.90 83.79 36.54 
99.69 83.57 36.54 
99.47 83.36 36.54 
99.26 83.14 36.54 
99.04 82.93 36.54 
98.83 82.71 36.54 
98.61 82.50 36.54 
98.40 82.29 36.54 
97.97 82.29 36.54 
97.75 82.07 36.54 
97.54 81.86 36.54 
97.32 81.64 36.54 
97.11 81.43 36.54 
96.68 81.43 36.54 
96.46 81.21 36.54 
96.25 81.00 36.54 
95.82 81.00 36.54 
95.61 80.78 36.54 
95.39 80.57 36.54 
94.96 80.57 36.54 
94.75 80.35 36.54 
94.53 80.14 36.54 
94.10 80.14 36.54 
93.89 79.92 36.54 
93.67 79.71 36.54 
93.24 79.71 36.54 
93.03 79.49 36.54 
92.81 79.28 36.54 
92.38 79.28 36.54 
91.95 79.28 36.54 
91.74 79.06 36.54 
91.52 78.85 36.54 
91.09 78.85 36.54 
90.66 78.85 36.54 
90.45 78.63 36.54 
90.23 78.42 36.54 
89.80 78.42 36.54 
89.38 78.42 36.54 
88.95 78.42 36.54 
88.73 78.20 36.54 
88.52 77.99 36.54 
88.09 77.99 36.54 
87.66 77.99 36.54 
87.23 77.99 36.54 
86.80 77.99 36.54 
86.58 77.77 36.54 
86.37 77.56 36.54 
85.94 77.56 36.54 
85.51 77.56 36.54 
85.08 77.56 36.54 
84.65 77.56 36.54 
84.22 77.56 36.54 
84.00 77.34 36.54 
83.79 77.13 36.54 
83.36 77.13 36.54 
82.93 77.13 36.54 
82.50 77.13 36.54 
82.07 77.13 36.54 
81.64 77.13 36.54 
81.21 77.13 36.54 
80.78 77.13 36.54 
80.35 77.13 36.54 
79.92 77.13 36.54 
79.49 77.13 36.54 
79.06 77.13 36.54 
78.63 77.13 36.54 
78.20 77.13 36.54 
77.77 77.13 36.54 
77.34 77.13 36.54 
76.91 77.13 36.54 
76.48 77.13 36.54 
76.05 77.13 36.54 
75.63 77.13 36.54 
75.20 77.13 36.54 
74.98 77.34 36.54 
74.77 77.56 36.54 
74.34 77.56 36.54 
73.91 77.56 36.54 
73.48 77.56 36.54 
73.26 77.77 36.54 
73.05 77.99 36.54 
72.62 77.99 36.54 
72.19 77.99 36.54 
71.76 77.99 36.54 
71.33 77.99 36.54 
70.90 77.99 36.54 
70.47 77.99 36.54 
70.25 78.20 36.54 
70.04 78.42 36.54 
69.61 78.42 36.54 
69.18 78.42 36.54 
68.96 78.63 36.54 
68.75 78.85 36.54 
68.32 78.85 36.54 
67.89 78.85 36.54 
67.68 79.06 36.54 
67.46 79.28 36.54 
67.03 79.28 36.54 
66.60 79.28 36.54 
101.84 114.08 40.60 
101.62 113.87 40.60 
101.41 113.65 40.60 
101.19 113.44 40.60 
101.41 113.22 40.60 
101.62 113.01 40.60 
101.84 112.79 40.60 
102.05 112.58 40.60 
102.27 112.36 40.60 
102.48 112.15 40.60 
102.70 111.93 40.60 
102.91 111.72 40.60 
103.13 111.50 40.60 
103.34 111.29 40.60 
103.55 111.07 40.60 
103.77 110.86 40.60 
103.98 110.64 40.60 
104.20 110.43 40.60 
104.41 110.21 40.60 
104.63 110.00 40.60 
104.63 109.57 40.60 
104.84 109.36 40.60 
105.06 109.14 40.60 
105.27 108.93 40.60 
105.49 108.71 40.60 
105.49 108.28 40.60 
105.70 108.07 40.60 
105.92 107.85 40.60 
105.92 107.42 40.60 
106.13 107.21 40.60 
106.35 106.99 40.60 
106.35 106.56 40.60 
106.35 106.13 40.60 
106.56 105.92 40.60 
106.78 105.70 40.60 
106.78 105.27 40.60 
106.99 105.06 40.60 
107.21 104.84 40.60 
107.21 104.41 40.60 
107.21 103.98 40.60 
107.42 103.77 40.60 
107.64 103.55 40.60 
107.64 103.13 40.60 
107.64 102.70 40.60 
107.64 102.27 40.60 
107.64 101.84 40.60 
107.64 101.41 40.60 
107.64 100.98 40.60 
107.64 100.55 40.60 
107.64 100.12 40.60 
107.64 99.69 40.60 
107.64 99.26 40.60 
107.64 98.83 40.60 
107.42 98.61 40.60 
107.21 98.40 40.60 
107.21 97.97 40.60 
107.21 97.54 40.60 
107.21 97.11 40.60 
107.21 96.68 40.60 
106.99 96.46 40.60 
106.78 96.25 40.60 
106.78 95.82 40.60 
106.78 95.39 40.60 
106.78 94.96 40.60 
106.56 94.75 40.60 
106.35 94.53 40.60 
106.35 94.10 40.60 
106.35 93.67 40.60 
106.35 93.24 40.60 
106.13 93.03 40.60 
105.92 92.81 40.60 
105.92 92.38 40.60 
105.92 91.95 40.60 
105.70 91.74 40.60 
105.49 91.52 40.60 
105.49 91.09 40.60 
105.27 90.88 40.60 
105.06 90.66 40.60 
105.06 90.23 40.60 
104.84 90.02 40.60 
104.63 89.80 40.60 
104.63 89.38 40.60 
104.41 89.16 40.60 
104.20 88.95 40.60 
104.20 88.52 40.60 
103.98 88.30 40.60 
103.77 88.09 40.60 
103.55 87.87 40.60 
103.34 87.66 40.60 
103.34 87.23 40.60 
103.13 87.01 40.60 
102.91 86.80 40.60 
102.70 86.58 40.60 
102.48 86.37 40.60 
102.27 86.15 40.60 
102.05 85.94 40.60 
101.84 85.72 40.60 
101.62 85.51 40.60 
101.41 85.29 40.60 
101.19 85.08 40.60 
100.98 84.86 40.60 
100.76 84.65 40.60 
100.55 84.43 40.60 
100.33 84.22 40.60 
100.12 84.00 40.60 
99.90 83.79 40.60 
99.69 83.57 40.60 
99.47 83.36 40.60 
99.26 83.14 40.60 
98.83 83.14 40.60 
98.61 82.93 40.60 
98.40 82.71 40.60 
98.18 82.50 40.60 
97.97 82.29 40.60 
97.75 82.07 40.60 
97.54 81.86 40.60 
97.11 81.86 40.60 
96.89 81.64 40.60 
96.68 81.43 40.60 
96.46 81.21 40.60 
96.25 81.00 40.60 
95.82 81.00 40.60 
95.61 80.78 40.60 
95.39 80.57 40.60 
94.96 80.57 40.60 
94.75 80.35 40.60 
94.53 80.14 40.60 
94.10 80.14 40.60 
93.67 80.14 40.60 
93.46 79.92 40.60 
93.24 79.71 40.60 
92.81 79.71 40.60 
92.38 79.71 40.60 
92.17 79.49 40.60 
91.95 79.28 40.60 
91.52 79.28 40.60 
91.31 79.06 40.60 
91.09 78.85 40.60 
90.66 78.85 40.60 
90.23 78.85 40.60 
89.80 78.85 40.60 
89.38 78.85 40.60 
89.16 78.63 40.60 
88.95 78.42 40.60 
88.52 78.42 40.60 
88.09 78.42 40.60 
87.66 78.42 40.60 
87.23 78.42 40.60 
87.01 78.20 40.60 
86.80 77.99 40.60 
86.37 77.99 40.60 
85.94 77.99 40.60 
85.51 77.99 40.60 
85.08 77.99 40.60 
84.86 77.77 40.60 
84.65 77.56 40.60 
84.22 77.56 40.60 
83.79 77.56 40.60 
83.36 77.56 40.60 
83.14 77.34 40.60 
82.93 77.13 40.60 
82.50 77.13 40.60 
82.07 77.13 40.60 
81.64 77.13 40.60 
81.21 77.13 40.60 
80.78 77.13 40.60 
80.35 77.13 40.60 
79.92 77.13 40.60 
79.49 77.13 40.60 
79.28 76.91 40.60 
79.06 76.70 40.60 
78.63 76.70 40.60 
78.20 76.70 40.60 
77.77 76.70 40.60 
77.34 76.70 40.60 
76.91 76.70 40.60 
76.48 76.70 40.60 
76.05 76.70 40.60 
75.63 76.70 40.60 
75.20 76.70 40.60 
74.77 76.70 40.60 
74.55 76.91 40.60 
74.34 77.13 40.60 
73.91 77.13 40.60 
73.48 77.13 40.60 
73.05 77.13 40.60 
72.62 77.13 40.60 
72.19 77.13 40.60 
71.97 77.34 40.60 
71.76 77.56 40.60 
71.33 77.56 40.60 
70.90 77.56 40.60 
70.68 77.77 40.60 
70.47 77.99 40.60 
70.04 77.99 40.60 
69.82 78.20 40.60 
69.61 78.42 40.60 
69.18 78.42 40.60 
68.75 78.42 40.60 
68.54 78.63 40.60 
68.32 78.85 40.60 
67.89 78.85 40.60 
67.68 79.06 40.60 
67.46 79.28 40.60 
67.03 79.28 40.60 
66.60 79.28 40.60 
66.17 79.28 40.60 
65.96 79.49 40.60 
65.74 79.71 40.60 
65.31 79.71 40.60 
65.10 79.92 40.60 
64.88 80.14 40.60 
64.45 80.14 40.60 
64.02 80.14 40.60 
63.81 80.35 40.60 
63.59 80.57 40.60 
63.16 80.57 40.60 
62.95 80.78 40.60 
62.73 81.00 40.60 
62.30 81.00 40.60 
62.09 81.21 40.60 
61.88 81.43 40.60 
101.84 114.08 40.60 
100.98 113.65 44.66 
100.76 113.44 44.66 
100.76 113.01 44.66 
100.76 112.58 44.66 
100.98 112.36 44.66 
101.41 112.36 44.66 
101.62 112.15 44.66 
101.84 111.93 44.66 
102.05 111.72 44.66 
102.27 111.50 44.66 
102.48 111.29 44.66 
102.48 110.86 44.66 
102.70 110.64 44.66 
102.91 110.43 44.66 
103.13 110.21 44.66 
103.34 110.00 44.66 
103.55 109.79 44.66 
103.77 109.57 44.66 
103.98 109.36 44.66 
104.20 109.14 44.66 
104.20 108.71 44.66 
104.41 108.50 44.66 
104.63 108.28 44.66 
104.63 107.85 44.66 
104.84 107.64 44.66 
105.06 107.42 44.66 
105.06 106.99 44.66 
105.27 106.78 44.66 
105.49 106.56 44.66 
105.49 106.13 44.66 
105.70 105.92 44.66 
105.92 105.70 44.66 
105.92 105.27 44.66 
105.92 104.84 44.66 
106.13 104.63 44.66 
106.35 104.41 44.66 
106.35 103.98 44.66 
106.35 103.55 44.66 
106.35 103.13 44.66 
106.35 102.70 44.66 
106.56 102.48 44.66 
106.78 102.27 44.66 
106.78 101.84 44.66 
106.78 101.41 44.66 
106.78 100.98 44.66 
106.56 100.76 44.66 
106.35 100.55 44.66 
106.35 100.12 44.66 
106.35 99.69 44.66 
106.56 99.47 44.66 
106.78 99.26 44.66 
106.56 99.04 44.66 
106.35 98.83 44.66 
106.35 98.40 44.66 
106.35 97.97 44.66 
106.35 97.54 44.66 
106.35 97.11 44.66 
106.13 96.89 44.66 
105.92 96.68 44.66 
105.92 96.25 44.66 
105.92 95.82 44.66 
105.92 95.39 44.66 
105.92 94.96 44.66 
105.92 94.53 44.66 
105.70 94.32 44.66 
105.49 94.10 44.66 
105.49 93.67 44.66 
105.49 93.24 44.66 
105.27 93.03 44.66 
105.06 92.81 44.66 
105.06 92.38 44.66 
105.06 91.95 44.66 
104.84 91.74 44.66 
104.63 91.52 44.66 
104.63 91.09 44.66 
104.41 90.88 44.66 
104.20 90.66 44.66 
104.20 90.23 44.66 
104.20 89.80 44.66 
103.98 89.59 44.66 
103.55 89.59 44.66 
103.34 89.38 44.66 
103.34 88.95 44.66 
103.13 88.73 44.66 
102.91 88.52 44.66 
102.91 88.09 44.66 
102.91 87.66 44.66 
102.70 87.44 44.66 
102.48 87.23 44.66 
102.27 87.01 44.66 
102.05 86.80 44.66 
101.84 86.58 44.66 
101.41 86.58 44.66 
101.19 86.37 44.66 
100.98 86.15 44.66 
100.76 85.94 44.66 
100.55 85.72 44.66 
100.33 85.51 44.66 
100.12 85.29 44.66 
99.90 85.08 44.66 
99.69 84.86 44.66 
99.47 84.65 44.66 
99.26 84.43 44.66 
99.04 84.22 44.66 
98.83 84.00 44.66 
98.40 84.00 44.66 
98.18 83.79 44.66 
97.97 83.57 44.66 
97.75 83.36 44.66 
97.54 83.14 44.66 
97.32 82.93 44.66 
97.11 82.71 44.66 
96.68 82.71 44.66 
96.46 82.50 44.66 
96.25 82.29 44.66 
95.82 82.29 44.66 
95.61 82.07 44.66 
95.39 81.86 44.66 
94.96 81.86 44.66 
94.75 81.64 44.66 
94.53 81.43 44.66 
94.10 81.43 44.66 
93.89 81.21 44.66 
93.67 81.00 44.66 
93.24 81.00 44.66 
92.81 81.00 44.66 
92.38 81.00 44.66 
92.17 80.78 44.66 
91.95 80.57 44.66 
91.52 80.57 44.66 
91.31 80.35 44.66 
91.09 80.14 44.66 
90.66 80.14 44.66 
90.23 80.14 44.66 
89.80 80.14 44.66 
89.59 79.92 44.66 
89.38 79.71 44.66 
88.95 79.71 44.66 
88.52 79.71 44.66 
88.30 79.49 44.66 
88.09 79.28 44.66 
87.66 79.28 44.66 
87.23 79.28 44.66 
86.80 79.28 44.66 
86.58 79.06 44.66 
86.37 78.85 44.66 
85.94 78.85 44.66 
85.51 78.85 44.66 
85.08 78.85 44.66 
84.65 78.85 44.66 
84.43 78.63 44.66 
84.22 78.42 44.66 
83.79 78.42 44.66 
83.36 78.42 44.66 
83.14 78.20 44.66 
82.93 77.99 44.66 
82.50 77.99 44.66 
82.07 77.99 44.66 
81.64 77.99 44.66 
81.43 77.77 44.66 
81.21 77.56 44.66 
80.78 77.56 44.66 
80.35 77.56 44.66 
79.92 77.56 44.66 
79.49 77.56 44.66 
79.06 77.56 44.66 
78.63 77.56 44.66 
78.20 77.56 44.66 
77.77 77.56 44.66 
77.34 77.56 44.66 
76.91 77.56 44.66 
76.48 77.56 44.66 
76.05 77.56 44.66 
75.63 77.56 44.66 
75.20 77.56 44.66 
74.77 77.56 44.66 
74.34 77.56 44.66 
73.91 77.56 44.66 
73.48 77.56 44.66 
73.05 77.56 44.66 
72.62 77.56 44.66 
72.19 77.56 44.66 
71.76 77.56 44.66 
71.54 77.77 44.66 
71.33 77.99 44.66 
71.11 77.77 44.66 
70.90 77.56 44.66 
70.68 77.77 44.66 
70.47 77.99 44.66 
70.04 77.99 44.66 
69.82 78.20 44.66 
69.61 78.42 44.66 
69.18 78.42 44.66 
68.75 78.42 44.66 
68.54 78.63 44.66 
68.32 78.85 44.66 
67.89 78.85 44.66 
67.46 78.85 44.66 
67.03 78.85 44.66 
66.82 79.06 44.66 
66.60 79.28 44.66 
66.17 79.28 44.66 
65.96 79.49 44.66 
65.74 79.71 44.66 
65.31 79.71 44.66 
65.10 79.92 44.66 
64.88 80.14 44.66 
64.45 80.14 44.66 
64.24 80.35 44.66 
64.02 80.57 44.66 
63.81 80.78 44.66 
63.59 81.00 44.66 
63.16 81.00 44.66 
62.95 81.21 44.66 
62.73 81.43 44.66 
62.30 81.43 44.66 
62.09 81.64 44.66 
61.88 81.86 44.66 
61.45 81.86 44.66 
61.23 82.07 44.66 
61.02 82.29 44.66 
60.59 82.29 44.66 
60.37 82.50 44.66 
60.16 82.71 44.66 
59.73 82.71 44.66 
100.98 113.65 44.66 
101.41 111.93 48.72 
101.19 111.72 48.72 
100.98 111.50 48.72 
100.76 111.29 48.72 
100.98 111.07 48.72 
101.19 110.86 48.72 
101.41 110.64 48.72 
101.62 110.43 48.72 
101.84 110.21 48.72 
102.05 110.00 48.72 
102.27 109.79 48.72 
102.48 109.57 48.72 
102.48 109.14 48.72 
102.70 108.93 48.72 
102.91 108.71 48.72 
103.13 108.50 48.72 
103.34 108.28 48.72 
103.34 107.85 48.72 
103.55 107.64 48.72 
103.77 107.42 48.72 
103.77 106.99 48.72 
103.77 106.56 48.72 
103.98 106.35 48.72 
104.20 106.13 48.72 
104.20 105.70 48.72 
104.41 105.49 48.72 
104.63 105.27 48.72 
104.63 104.84 48.72 
104.63 104.41 48.72 
104.63 103.98 48.72 
104.63 103.55 48.72 
104.63 103.13 48.72 
104.63 102.70 48.72 
104.84 102.48 48.72 
105.06 102.27 48.72 
104.84 102.05 48.72 
104.63 101.84 48.72 
104.63 101.41 48.72 
104.63 100.98 48.72 
104.63 100.55 48.72 
104.63 100.12 48.72 
104.63 99.69 48.72 
104.63 99.26 48.72 
104.63 98.83 48.72 
104.63 98.40 48.72 
104.41 98.18 48.72 
104.20 97.97 48.72 
104.20 97.54 48.72 
104.41 97.32 48.72 
104.63 97.11 48.72 
104.41 96.89 48.72 
104.20 96.68 48.72 
104.20 96.25 48.72 
104.20 95.82 48.72 
104.20 95.39 48.72 
104.20 94.96 48.72 
103.98 94.75 48.72 
103.77 94.53 48.72 
103.77 94.10 48.72 
103.77 93.67 48.72 
103.77 93.24 48.72 
103.77 92.81 48.72 
103.55 92.60 48.72 
103.34 92.38 48.72 
103.34 91.95 48.72 
103.13 91.74 48.72 
102.91 91.52 48.72 
102.70 91.31 48.72 
102.48 91.09 48.72 
102.48 90.66 48.72 
102.27 90.45 48.72 
102.05 90.23 48.72 
101.84 90.02 48.72 
101.62 89.80 48.72 
101.41 89.59 48.72 
101.19 89.38 48.72 
101.19 88.95 48.72 
100.98 88.73 48.72 
100.76 88.52 48.72 
100.55 88.30 48.72 
100.33 88.09 48.72 
100.12 87.87 48.72 
99.90 87.66 48.72 
99.69 87.44 48.72 
99.47 87.23 48.72 
99.26 87.01 48.72 
99.04 86.80 48.72 
98.83 86.58 48.72 
98.61 86.37 48.72 
98.40 86.15 48.72 
97.97 86.15 48.72 
97.75 85.94 48.72 
97.54 85.72 48.72 
97.32 85.51 48.72 
97.11 85.29 48.72 
96.89 85.08 48.72 
96.68 84.86 48.72 
96.25 84.86 48.72 
96.04 84.65 48.72 
95.82 84.43 48.72 
95.39 84.43 48.72 
95.18 84.22 48.72 
94.96 84.00 48.72 
94.53 84.00 48.72 
94.10 84.00 48.72 
93.89 83.79 48.72 
93.67 83.57 48.72 
93.24 83.57 48.72 
93.03 83.36 48.72 
92.81 83.14 48.72 
92.38 83.14 48.72 
91.95 83.14 48.72 
91.74 82.93 48.72 
91.52 82.71 48.72 
91.09 82.71 48.72 
90.88 82.50 48.72 
90.66 82.29 48.72 
90.45 82.07 48.72 
90.23 81.86 48.72 
89.80 81.86 48.72 
89.38 81.86 48.72 
89.16 81.64 48.72 
88.95 81.43 48.72 
88.52 81.43 48.72 
88.30 81.21 48.72 
88.09 81.00 48.72 
87.66 81.00 48.72 
87.44 80.78 48.72 
87.23 80.57 48.72 
86.80 80.57 48.72 
86.37 80.57 48.72 
85.94 80.57 48.72 
85.72 80.35 48.72 
85.51 80.14 48.72 
85.08 80.14 48.72 
84.65 80.14 48.72 
84.22 80.14 48.72 
84.00 79.92 48.72 
83.79 79.71 48.72 
83.36 79.71 48.72 
82.93 79.71 48.72 
82.50 79.71 48.72 
82.07 79.71 48.72 
81.64 79.71 48.72 
81.43 79.49 48.72 
81.21 79.28 48.72 
80.78 79.28 48.72 
80.35 79.28 48.72 
79.92 79.28 48.72 
79.49 79.28 48.72 
79.06 79.28 48.72 
78.85 79.06 48.72 
78.63 78.85 48.72 
78.20 78.85 48.72 
77.99 78.63 48.72 
77.77 78.42 48.72 
77.56 78.63 48.72 
77.34 78.85 48.72 
76.91 78.85 48.72 
76.48 78.85 48.72 
76.27 78.63 48.72 
76.05 78.42 48.72 
75.84 78.63 48.72 
75.63 78.85 48.72 
75.41 78.63 48.72 
75.20 78.42 48.72 
74.98 78.20 48.72 
74.77 77.99 48.72 
74.34 77.99 48.72 
73.91 77.99 48.72 
73.48 77.99 48.72 
73.05 77.99 48.72 
72.62 77.99 48.72 
72.40 78.20 48.72 
72.19 78.42 48.72 
71.76 78.42 48.72 
71.33 78.42 48.72 
70.90 78.42 48.72 
70.68 78.63 48.72 
70.47 78.85 48.72 
70.04 78.85 48.72 
69.61 78.85 48.72 
69.18 78.85 48.72 
68.96 79.06 48.72 
68.75 79.28 48.72 
68.32 79.28 48.72 
68.11 79.49 48.72 
67.89 79.71 48.72 
67.46 79.71 48.72 
67.25 79.92 48.72 
67.03 80.14 48.72 
66.60 80.14 48.72 
66.39 80.35 48.72 
66.17 80.57 48.72 
65.74 80.57 48.72 
65.53 80.78 48.72 
65.31 81.00 48.72 
64.88 81.00 48.72 
64.67 81.21 48.72 
64.45 81.43 48.72 
64.24 81.64 48.72 
64.02 81.86 48.72 
63.59 81.86 48.72 
63.38 82.07 48.72 
63.16 82.29 48.72 
62.73 82.29 48.72 
62.52 82.50 48.72 
62.30 82.71 48.72 
61.88 82.71 48.72 
61.66 82.93 48.72 
61.45 83.14 48.72 
61.02 83.14 48.72 
60.80 83.36 48.72 
60.59 83.57 48.72 
60.16 83.57 48.72 
59.94 83.79 48.72 
59.73 84.00 48.72 
59.30 84.00 48.72 
59.08 84.22 48.72 
58.87 84.43 48.72 
58.65 84.65 48.72 
58.44 84.86 48.72 
58.01 84.86 48.72 
57.79 85.08 48.72 
57.58 85.29 48.72 
57.15 85.29 48.72 
56.72 85.29 48.72 
56.50 85.51 48.72 
56.29 85.72 48.72 
55.86 85.72 48.72 
55.64 85.94 48.72 
55.43 86.15 48.72 
55.00 86.15 48.72 
54.79 86.37 48.72 
54.57 86.58 48.72 
54.36 86.80 48.72 
54.14 87.01 48.72 
53.93 87.23 48.72 
53.71 87.44 48.72 
53.50 87.66 48.72 
53.28 87.87 48.72 
53.07 88.09 48.72 
52.85 88.30 48.72 
52.42 88.30 48.72 
52.21 88.52 48.72 
51.99 88.73 48.72 
51.78 88.95 48.72 
51.56 89.16 48.72 
51.35 89.38 48.72 
51.13 89.59 48.72 
50.92 89.80 48.72 
50.70 90.02 48.72 
50.49 90.23 48.72 
50.27 90.45 48.72 
50.06 90.66 48.72 
49.84 90.88 48.72 
49.63 91.09 48.72 
49.63 91.52 48.72 
49.41 91.74 48.72 
49.20 91.95 48.72 
86.58 82.07 52.78 
86.37 82.29 52.78 
85.94 82.29 52.78 
85.51 82.29 52.78 
85.08 82.29 52.78 
84.65 82.29 52.78 
84.43 82.07 52.78 
84.22 81.86 52.78 
83.79 81.86 52.78 
83.57 81.64 52.78 
83.36 81.43 52.78 
82.93 81.43 52.78 
82.50 81.43 52.78 
82.29 81.64 52.78 
82.07 81.86 52.78 
81.64 81.86 52.78 
81.21 81.86 52.78 
80.78 81.86 52.78 
80.35 81.86 52.78 
80.14 81.64 52.78 
79.92 81.43 52.78 
79.49 81.43 52.78 
79.06 81.43 52.78 
78.63 81.43 52.78 
78.20 81.43 52.78 
77.77 81.43 52.78 
77.56 81.21 52.78 
77.34 81.00 52.78 
76.91 81.00 52.78 
76.48 81.00 52.78 
76.05 81.00 52.78 
75.84 80.78 52.78 
75.63 80.57 52.78 
75.20 80.57 52.78 
74.77 80.57 52.78 
74.34 80.57 52.78 
73.91 80.57 52.78 
73.48 80.57 52.78 
73.05 80.57 52.78 
72.62 80.57 52.78 
72.19 80.57 52.78 
71.76 80.57 52.78 
71.33 80.57 52.78 
70.90 80.57 52.78 
70.47 80.57 52.78 
70.04 80.57 52.78 
69.61 80.57 52.78 
69.18 80.57 52.78 
68.96 80.78 52.78 
68.75 81.00 52.78 
68.32 81.00 52.78 
67.89 81.00 52.78 
67.68 81.21 52.78 
67.46 81.43 52.78 
67.03 81.43 52.78 
66.82 81.64 52.78 
66.60 81.86 52.78 
66.17 81.86 52.78 
65.96 82.07 52.78 
65.74 82.29 52.78 
65.31 82.29 52.78 
65.10 82.50 52.78 
64.88 82.71 52.78 
64.45 82.71 52.78 
64.24 82.93 52.78 
64.02 83.14 52.78 
63.59 83.14 52.78 
63.38 83.36 52.78 
63.16 83.57 52.78 
62.73 83.57 52.78 
62.52 83.79 52.78 
62.30 84.00 52.78 
61.88 84.00 52.78 
61.45 84.00 52.78 
61.23 84.22 52.78 
61.02 84.43 52.78 
60.80 84.65 52.78 
60.59 84.86 52.78 
60.16 84.86 52.78 
59.94 85.08 52.78 
59.73 85.29 52.78 
59.51 85.51 52.78 
59.30 85.72 52.78 
58.87 85.72 52.78 
58.65 85.94 52.78 
58.44 86.15 52.78 
58.22 86.37 52.78 
58.01 86.58 52.78 
57.58 86.58 52.78 
57.36 86.80 52.78 
57.15 87.01 52.78 
56.72 87.01 52.78 
56.50 87.23 52.78 
56.29 87.44 52.78 
56.07 87.66 52.78 
55.86 87.87 52.78 
55.64 88.09 52.78 
55.43 88.30 52.78 
55.21 88.52 52.78 
55.00 88.73 52.78 
54.57 88.73 52.78 
54.36 88.95 52.78 
54.14 89.16 52.78 
53.71 89.16 52.78 
53.50 89.38 52.78 
53.28 89.59 52.78 
53.07 89.80 52.78 
52.85 90.02 52.78 
52.64 90.23 52.78 
52.42 90.45 52.78 
52.21 90.66 52.78 
51.99 90.88 52.78 
51.78 91.09 52.78 
51.56 91.31 52.78 
51.35 91.52 52.78 
51.13 91.74 52.78 
50.92 91.95 52.78 
50.92 92.38 52.78 
50.70 92.60 52.78 
50.49 92.81 52.78 
50.27 93.03 52.78 
50.06 93.24 52.78 
49.84 93.46 52.78 
49.63 93.67 52.78 
49.63 94.10 52.78 
49.41 94.32 52.78 
49.20 94.53 52.78 
49.20 94.96 52.78 
48.98 95.18 52.78 
48.77 95.39 52.78 
48.55 95.61 52.78 
48.34 95.82 52.78 
48.34 96.25 52.78 
48.34 96.68 52.78 
48.13 96.89 52.78 
47.91 97.11 52.78 
47.91 97.54 52.78 
47.70 97.75 52.78 
47.48 97.97 52.78 
47.48 98.40 52.78 
47.27 98.61 52.78 
47.05 98.83 52.78 
47.05 99.26 52.78 
47.05 99.69 52.78 
46.84 99.90 52.78 
46.62 100.12 52.78 
46.62 100.55 52.78 
46.62 100.98 52.78 
46.62 101.41 52.78 
46.62 101.84 52.78 
46.62 102.27 52.78 
46.62 102.70 52.78 
46.41 102.91 52.78 
46.19 103.13 52.78 
78.42 82.93 56.84 
78.20 83.14 56.84 
77.77 83.14 56.84 
77.34 83.14 56.84 
76.91 83.14 56.84 
76.48 83.14 56.84 
76.05 83.14 56.84 
75.63 83.14 56.84 
75.20 83.14 56.84 
74.77 83.14 56.84 
74.34 83.14 56.84 
74.12 82.93 56.84 
73.91 82.71 56.84 
73.48 82.71 56.84 
73.05 82.71 56.84 
72.62 82.71 56.84 
72.19 82.71 56.84 
71.76 82.71 56.84 
71.33 82.71 56.84 
70.90 82.71 56.84 
70.47 82.71 56.84 
70.04 82.71 56.84 
69.82 82.93 56.84 
69.61 83.14 56.84 
69.18 83.14 56.84 
68.75 83.14 56.84 
68.32 83.14 56.84 
67.89 83.14 56.84 
67.68 83.36 56.84 
67.46 83.57 56.84 
67.03 83.57 56.84 
66.60 83.57 56.84 
66.39 83.79 56.84 
66.17 84.00 56.84 
65.74 84.00 56.84 
65.31 84.00 56.84 
65.10 84.22 56.84 
64.88 84.43 56.84 
64.45 84.43 56.84 
64.02 84.43 56.84 
63.81 84.65 56.84 
63.59 84.86 56.84 
63.16 84.86 56.84 
62.95 85.08 56.84 
62.73 85.29 56.84 
62.30 85.29 56.84 
61.88 85.29 56.84 
61.66 85.51 56.84 
61.45 85.72 56.84 
61.23 85.94 56.84 
61.02 86.15 56.84 
60.59 86.15 56.84 
60.37 86.37 56.84 
60.16 86.58 56.84 
59.73 86.58 56.84 
59.51 86.80 56.84 
59.30 87.01 56.84 
59.08 87.23 56.84 
58.87 87.44 56.84 
58.44 87.44 56.84 
58.01 87.44 56.84 
57.79 87.66 56.84 
57.58 87.87 56.84 
57.36 88.09 56.84 
57.15 88.30 56.84 
56.93 88.52 56.84 
56.72 88.73 56.84 
56.29 88.73 56.84 
56.07 88.95 56.84 
55.86 89.16 56.84 
55.43 89.16 56.84 
55.21 89.38 56.84 
55.00 89.59 56.84 
54.79 89.80 56.84 
54.57 90.02 56.84 
54.36 90.23 56.84 
54.14 90.45 56.84 
53.93 90.66 56.84 
53.71 90.88 56.84 
53.50 91.09 56.84 
53.28 91.31 56.84 
53.07 91.52 56.84 
52.85 91.74 56.84 
52.64 91.95 56.84 
52.42 92.17 56.84 
52.21 92.38 56.84 
52.21 92.81 56.84 
51.99 93.03 56.84 
51.78 93.24 56.84 
51.56 93.46 56.84 
51.35 93.67 56.84 
51.35 94.10 56.84 
51.13 94.32 56.84 
50.92 94.53 56.84 
50.70 94.75 56.84 
50.49 94.96 56.84 
50.49 95.39 56.84 
50.27 95.61 56.84 
50.06 95.82 56.84 
50.06 96.25 56.84 
49.84 96.46 56.84 
49.63 96.68 56.84 
49.41 96.89 56.84 
49.20 97.11 56.84 
49.20 97.54 56.84 
49.20 97.97 56.84 
48.98 98.18 56.84 
48.77 98.40 56.84 
48.77 98.83 56.84 
48.55 99.04 56.84 
48.34 99.26 56.84 
48.34 99.69 56.84 
48.34 100.12 56.84 
48.34 100.55 56.84 
48.13 100.76 56.84 
47.91 100.98 56.84 
47.91 101.41 56.84 
47.91 101.84 56.84 
47.91 102.27 56.84 
47.91 102.70 56.84 
47.91 103.13 56.84 
47.91 103.55 56.84 
47.91 103.98 56.84 
47.91 104.41 56.84 
47.70 104.63 56.84 
47.48 104.84 56.84 
47.48 105.27 56.84 
47.48 105.70 56.84 
47.48 106.13 56.84 
47.48 106.56 56.84 
47.48 106.99 56.84 
74.12 84.65 60.90 
73.91 84.86 60.90 
73.69 85.08 60.90 
73.48 85.29 60.90 
73.05 85.29 60.90 
72.83 85.08 60.90 
72.62 84.86 60.90 
72.19 84.86 60.90 
71.76 84.86 60.90 
71.33 84.86 60.90 
70.90 84.86 60.90 
70.47 84.86 60.90 
70.04 84.86 60.90 
69.61 84.86 60.90 
69.18 84.86 60.90 
68.75 84.86 60.90 
68.54 85.08 60.90 
68.32 85.29 60.90 
67.89 85.29 60.90 
67.46 85.29 60.90 
67.25 85.51 60.90 
67.03 85.72 60.90 
66.60 85.72 60.90 
66.17 85.72 60.90 
65.96 85.94 60.90 
65.74 86.15 60.90 
65.31 86.15 60.90 
64.88 86.15 60.90 
64.45 86.15 60.90 
64.24 86.37 60.90 
64.02 86.58 60.90 
63.59 86.58 60.90 
63.38 86.80 60.90 
63.16 87.01 60.90 
62.73 87.01 60.90 
62.30 87.01 60.90 
62.09 87.23 60.90 
61.88 87.44 60.90 
61.45 87.44 60.90 
61.02 87.44 60.90 
60.80 87.66 60.90 
60.59 87.87 60.90 
60.16 87.87 60.90 
59.94 88.09 60.90 
59.73 88.30 60.90 
59.30 88.30 60.90 
59.08 88.52 60.90 
58.87 88.73 60.90 
58.44 88.73 60.90 
58.22 88.95 60.90 
58.01 89.16 60.90 
57.79 89.38 60.90 
57.58 89.59 60.90 
57.15 89.59 60.90 
56.93 89.80 60.90 
56.72 90.02 60.90 
56.50 90.23 60.90 
56.29 90.45 60.90 
56.07 90.66 60.90 
55.86 90.88 60.90 
55.43 90.88 60.90 
55.21 91.09 60.90 
55.00 91.31 60.90 
54.79 91.52 60.90 
54.57 91.74 60.90 
54.36 91.95 60.90 
54.36 92.38 60.90 
54.36 92.81 60.90 
54.14 93.03 60.90 
53.71 93.03 60.90 
53.50 93.24 60.90 
53.50 93.67 60.90 
53.50 94.10 60.90 
53.50 94.53 60.90 
53.28 94.75 60.90 
52.85 94.75 60.90 
52.64 94.96 60.90 
52.64 95.39 60.90 
52.42 95.61 60.90 
52.21 95.82 60.90 
52.21 96.25 60.90 
51.99 96.46 60.90 
51.78 96.68 60.90 
51.78 97.11 60.90 
51.56 97.32 60.90 
51.35 97.54 60.90 
51.35 97.97 60.90 
51.13 98.18 60.90 
50.92 98.40 60.90 
50.70 98.61 60.90 
50.49 98.83 60.90 
50.49 99.26 60.90 
50.49 99.69 60.90 
50.27 99.90 60.90 
50.06 100.12 60.90 
50.06 100.55 60.90 
50.06 100.98 60.90 
49.84 101.19 60.90 
49.63 101.41 60.90 
49.63 101.84 60.90 
49.63 102.27 60.90 
49.41 102.48 60.90 
49.20 102.70 60.90 
49.20 103.13 60.90 
49.20 103.55 60.90 
49.20 103.98 60.90 
49.20 104.41 60.90 
48.98 104.63 60.90 
48.77 104.84 60.90 
48.77 105.27 60.90 
48.77 105.70 60.90 
48.77 106.13 60.90 
48.77 106.56 60.90 
48.77 106.99 60.90 
48.77 107.42 60.90 
48.77 107.85 60.90 
74.12 86.37 64.96 
73.91 86.58 64.96 
73.48 86.58 64.96 
73.05 86.58 64.96 
72.62 86.58 64.96 
72.19 86.58 64.96 
71.97 86.37 64.96 
71.76 86.15 64.96 
71.33 86.15 64.96 
70.90 86.15 64.96 
70.47 86.15 64.96 
70.04 86.15 64.96 
69.61 86.15 64.96 
69.18 86.15 64.96 
68.75 86.15 64.96 
68.32 86.15 64.96 
67.89 86.15 64.96 
67.68 86.37 64.96 
67.46 86.58 64.96 
67.03 86.58 64.96 
66.60 86.58 64.96 
66.17 86.58 64.96 
65.96 86.80 64.96 
65.74 87.01 64.96 
65.31 87.01 64.96 
65.10 87.23 64.96 
64.88 87.44 64.96 
64.45 87.44 64.96 
64.02 87.44 64.96 
63.81 87.66 64.96 
63.59 87.87 64.96 
63.16 87.87 64.96 
62.95 88.09 64.96 
62.73 88.30 64.96 
62.30 88.30 64.96 
61.88 88.30 64.96 
61.66 88.52 64.96 
61.45 88.73 64.96 
61.23 88.95 64.96 
61.02 89.16 64.96 
60.59 89.16 64.96 
60.37 89.38 64.96 
60.16 89.59 64.96 
59.73 89.59 64.96 
59.51 89.80 64.96 
59.30 90.02 64.96 
58.87 90.02 64.96 
58.65 90.23 64.96 
58.44 90.45 64.96 
58.22 90.66 64.96 
58.01 90.88 64.96 
57.79 91.09 64.96 
57.58 91.31 64.96 
57.36 91.52 64.96 
57.15 91.74 64.96 
56.93 91.95 64.96 
56.72 92.17 64.96 
56.50 92.38 64.96 
56.29 92.60 64.96 
55.86 92.60 64.96 
55.64 92.81 64.96 
55.64 93.24 64.96 
55.43 93.46 64.96 
55.21 93.67 64.96 
55.00 93.89 64.96 
54.79 94.10 64.96 
54.79 94.53 64.96 
54.57 94.75 64.96 
54.36 94.96 64.96 
54.14 95.18 64.96 
53.93 95.39 64.96 
53.93 95.82 64.96 
53.71 96.04 64.96 
53.50 96.25 64.96 
53.50 96.68 64.96 
53.28 96.89 64.96 
53.07 97.11 64.96 
52.85 97.32 64.96 
52.64 97.54 64.96 
52.64 97.97 64.96 
52.42 98.18 64.96 
52.21 98.40 64.96 
52.21 98.83 64.96 
51.99 99.04 64.96 
51.78 99.26 64.96 
51.78 99.69 64.96 
51.56 99.90 64.96 
51.35 100.12 64.96 
51.35 100.55 64.96 
51.13 100.76 64.96 
50.92 100.98 64.96 
50.92 101.41 64.96 
50.92 101.84 64.96 
50.70 102.05 64.96 
50.49 102.27 64.96 
50.49 102.70 64.96 
50.27 102.91 64.96 
50.06 103.13 64.96 
50.06 103.55 64.96 
50.06 103.98 64.96 
50.06 104.41 64.96 
50.06 104.84 64.96 
50.06 105.27 64.96 
50.06 105.70 64.96 
49.84 105.92 64.96 
49.63 106.13 64.96 
49.63 106.56 64.96 
49.63 106.99 64.96 
49.63 107.42 64.96 
49.63 107.85 64.96 
49.63 108.28 64.96 
49.63 108.71 64.96 
49.63 109.14 64.96 
49.41 109.36 64.96 
49.20 109.57 64.96 
49.20 110.00 64.96 
49.20 110.43 64.96 
49.20 110.86 64.96 
49.20 111.29 64.96 
74.12 86.80 69.02 
73.91 87.01 69.02 
73.48 87.01 69.02 
73.05 87.01 69.02 
72.83 86.80 69.02 
72.62 86.58 69.02 
72.19 86.58 69.02 
71.76 86.58 69.02 
71.33 86.58 69.02 
71.11 86.37 69.02 
70.90 86.15 69.02 
70.47 86.15 69.02 
70.04 86.15 69.02 
69.61 86.15 69.02 
69.39 86.37 69.02 
69.18 86.58 69.02 
68.75 86.58 69.02 
68.32 86.58 69.02 
68.11 86.80 69.02 
67.89 87.01 69.02 
67.46 87.01 69.02 
67.03 87.01 69.02 
66.60 87.01 69.02 
66.39 87.23 69.02 
66.17 87.44 69.02 
65.74 87.44 69.02 
65.31 87.44 69.02 
65.10 87.66 69.02 
64.88 87.87 69.02 
64.45 87.87 69.02 
64.02 87.87 69.02 
63.59 87.87 69.02 
63.38 88.09 69.02 
63.16 88.30 69.02 
62.73 88.30 69.02 
62.30 88.30 69.02 
61.88 88.30 69.02 
61.66 88.52 69.02 
61.45 88.73 69.02 
61.02 88.73 69.02 
60.80 88.95 69.02 
60.59 89.16 69.02 
60.37 89.38 69.02 
60.16 89.59 69.02 
59.73 89.59 69.02 
59.51 89.80 69.02 
59.30 90.02 69.02 
59.08 90.23 69.02 
58.87 90.45 69.02 
58.65 90.66 69.02 
58.44 90.88 69.02 
58.01 90.88 69.02 
57.79 91.09 69.02 
57.58 91.31 69.02 
57.36 91.52 69.02 
57.15 91.74 69.02 
56.93 91.95 69.02 
56.72 92.17 69.02 
56.50 92.38 69.02 
56.29 92.60 69.02 
56.07 92.81 69.02 
55.86 93.03 69.02 
55.64 93.24 69.02 
55.43 93.46 69.02 
55.21 93.67 69.02 
55.00 93.89 69.02 
54.79 94.10 69.02 
54.79 94.53 69.02 
54.57 94.75 69.02 
54.36 94.96 69.02 
54.14 95.18 69.02 
53.93 95.39 69.02 
53.93 95.82 69.02 
53.71 96.04 69.02 
53.50 96.25 69.02 
53.50 96.68 69.02 
53.28 96.89 69.02 
53.07 97.11 69.02 
52.85 97.32 69.02 
52.64 97.54 69.02 
52.64 97.97 69.02 
52.42 98.18 69.02 
52.21 98.40 69.02 
52.21 98.83 69.02 
51.99 99.04 69.02 
51.78 99.26 69.02 
51.78 99.69 69.02 
51.56 99.90 69.02 
51.35 100.12 69.02 
51.13 100.33 69.02 
50.92 100.55 69.02 
50.92 100.98 69.02 
50.92 101.41 69.02 
50.70 101.62 69.02 
50.49 101.84 69.02 
50.49 102.27 69.02 
50.49 102.70 69.02 
50.27 102.91 69.02 
50.06 103.13 69.02 
50.06 103.55 69.02 
50.06 103.98 69.02 
50.06 104.41 69.02 
50.06 104.84 69.02 
49.84 105.06 69.02 
49.63 105.27 69.02 
49.63 105.70 69.02 
49.63 106.13 69.02 
49.84 106.35 69.02 
50.06 106.56 69.02 
49.84 106.78 69.02 
49.63 106.99 69.02 
49.63 107.42 69.02 
49.63 107.85 69.02 
49.63 108.28 69.02 
49.63 108.71 69.02 
49.63 109.14 69.02 
49.63 109.57 69.02 
49.63 110.00 69.02 
49.63 110.43 69.02 
49.41 110.64 69.02 
49.20 110.86 69.02 
49.20 111.29 69.02 
48.55 111.93 73.08 
48.13 111.93 73.08 
93.46 86.80 73.08 
93.24 87.01 73.08 
93.03 87.23 73.08 
92.81 87.44 73.08 
92.38 87.44 73.08 
91.95 87.44 73.08 
91.74 87.23 73.08 
91.52 87.01 73.08 
91.09 87.01 73.08 
90.88 86.80 73.08 
90.66 86.58 73.08 
90.45 86.37 73.08 
90.23 86.15 73.08 
90.02 85.94 73.08 
89.80 85.72 73.08 
89.38 85.72 73.08 
88.95 85.72 73.08 
88.52 85.72 73.08 
88.09 85.72 73.08 
87.87 85.51 73.08 
87.66 85.29 73.08 
87.23 85.29 73.08 
86.80 85.29 73.08 
86.37 85.29 73.08 
86.15 85.51 73.08 
85.94 85.72 73.08 
85.72 85.51 73.08 
85.51 85.29 73.08 
85.29 85.51 73.08 
85.08 85.72 73.08 
84.65 85.72 73.08 
84.22 85.72 73.08 
83.79 85.72 73.08 
83.57 85.51 73.08 
83.36 85.29 73.08 
82.93 85.29 73.08 
82.50 85.29 73.08 
82.07 85.29 73.08 
81.64 85.29 73.08 
81.21 85.29 73.08 
80.78 85.29 73.08 
80.57 85.51 73.08 
80.35 85.72 73.08 
79.92 85.72 73.08 
79.71 85.51 73.08 
79.49 85.29 73.08 
79.06 85.29 73.08 
78.63 85.29 73.08 
78.20 85.29 73.08 
77.99 85.51 73.08 
77.77 85.72 73.08 
77.34 85.72 73.08 
77.13 85.51 73.08 
76.91 85.29 73.08 
76.48 85.29 73.08 
76.05 85.29 73.08 
75.63 85.29 73.08 
75.41 85.08 73.08 
75.20 84.86 73.08 
74.77 84.86 73.08 
74.55 85.08 73.08 
74.34 85.29 73.08 
73.91 85.29 73.08 
73.69 85.08 73.08 
73.48 84.86 73.08 
73.05 84.86 73.08 
72.62 84.86 73.08 
72.19 84.86 73.08 
71.76 84.86 73.08 
71.33 84.86 73.08 
71.11 85.08 73.08 
70.90 85.29 73.08 
70.47 85.29 73.08 
70.04 85.29 73.08 
69.61 85.29 73.08 
69.18 85.29 73.08 
68.96 85.51 73.08 
68.75 85.72 73.08 
68.32 85.72 73.08 
67.89 85.72 73.08 
67.46 85.72 73.08 
67.03 85.72 73.08 
66.60 85.72 73.08 
66.39 85.94 73.08 
66.17 86.15 73.08 
65.96 86.37 73.08 
65.74 86.58 73.08 
65.31 86.58 73.08 
64.88 86.58 73.08 
64.67 86.80 73.08 
64.45 87.01 73.08 
64.02 87.01 73.08 
63.59 87.01 73.08 
63.16 87.01 73.08 
62.95 87.23 73.08 
62.73 87.44 73.08 
62.52 87.66 73.08 
62.30 87.87 73.08 
61.88 87.87 73.08 
61.66 88.09 73.08 
61.45 88.30 73.08 
61.02 88.30 73.08 
60.80 88.52 73.08 
60.59 88.73 73.08 
60.16 88.73 73.08 
59.94 88.95 73.08 
59.73 89.16 73.08 
59.30 89.16 73.08 
59.08 89.38 73.08 
58.87 89.59 73.08 
58.44 89.59 73.08 
58.22 89.80 73.08 
58.01 90.02 73.08 
57.79 90.23 73.08 
57.58 90.45 73.08 
57.15 90.45 73.08 
56.93 90.66 73.08 
56.72 90.88 73.08 
56.29 90.88 73.08 
56.07 91.09 73.08 
55.86 91.31 73.08 
55.64 91.52 73.08 
55.43 91.74 73.08 
55.21 91.95 73.08 
55.00 92.17 73.08 
54.79 92.38 73.08 
54.79 92.81 73.08 
54.57 93.03 73.08 
54.36 93.24 73.08 
54.14 93.46 73.08 
53.93 93.67 73.08 
53.71 93.89 73.08 
53.50 94.10 73.08 
53.50 94.53 73.08 
53.28 94.75 73.08 
53.07 94.96 73.08 
52.85 95.18 73.08 
52.64 95.39 73.08 
52.42 95.61 73.08 
52.21 95.82 73.08 
51.99 96.04 73.08 
51.78 96.25 73.08 
51.78 96.68 73.08 
51.78 97.11 73.08 
51.56 97.32 73.08 
51.35 97.54 73.08 
51.13 97.75 73.08 
50.92 97.97 73.08 
50.92 98.40 73.08 
50.70 98.61 73.08 
50.49 98.83 73.08 
50.27 99.04 73.08 
50.06 99.26 73.08 
50.06 99.69 73.08 
50.06 100.12 73.08 
50.06 100.55 73.08 
49.84 100.76 73.08 
49.63 100.98 73.08 
49.63 101.41 73.08 
49.41 101.62 73.08 
49.20 101.84 73.08 
49.20 102.27 73.08 
49.20 102.70 73.08 
48.98 102.91 73.08 
48.77 103.13 73.08 
48.77 103.55 73.08 
48.77 103.98 73.08 
48.55 104.20 73.08 
48.34 104.41 73.08 
48.34 104.84 73.08 
48.34 105.27 73.08 
48.34 105.70 73.08 
48.55 105.92 73.08 
48.77 106.13 73.08 
48.77 106.56 73.08 
48.77 106.99 73.08 
48.77 107.42 73.08 
48.77 107.85 73.08 
48.55 108.07 73.08 
48.34 108.28 73.08 
48.34 108.71 73.08 
48.34 109.14 73.08 
48.55 109.36 73.08 
48.77 109.57 73.08 
48.77 110.00 73.08 
48.77 110.43 73.08 
48.77 110.86 73.08 
48.77 111.29 73.08 
48.77 111.72 73.08 
48.55 111.93 73.08 
46.84 112.79 77.14 
46.41 112.79 77.14 
45.98 112.79 77.14 
105.70 102.05 77.14 
105.49 101.84 77.14 
105.27 101.62 77.14 
104.84 101.62 77.14 
104.63 101.41 77.14 
104.63 100.98 77.14 
104.41 100.76 77.14 
104.20 100.55 77.14 
104.20 100.12 77.14 
103.98 99.90 77.14 
103.77 99.69 77.14 
103.77 99.26 77.14 
103.77 98.83 77.14 
103.55 98.61 77.14 
103.34 98.40 77.14 
103.34 97.97 77.14 
103.34 97.54 77.14 
103.34 97.11 77.14 
103.34 96.68 77.14 
103.34 96.25 77.14 
103.34 95.82 77.14 
103.34 95.39 77.14 
103.34 94.96 77.14 
103.13 94.75 77.14 
102.70 94.75 77.14 
102.48 94.53 77.14 
102.48 94.10 77.14 
102.27 93.89 77.14 
102.05 93.67 77.14 
102.05 93.24 77.14 
101.84 93.03 77.14 
101.62 92.81 77.14 
101.62 92.38 77.14 
101.41 92.17 77.14 
101.19 91.95 77.14 
101.19 91.52 77.14 
100.98 91.31 77.14 
100.76 91.09 77.14 
100.55 90.88 77.14 
100.33 90.66 77.14 
100.33 90.23 77.14 
100.12 90.02 77.14 
99.90 89.80 77.14 
99.69 89.59 77.14 
99.47 89.38 77.14 
99.26 89.16 77.14 
99.04 88.95 77.14 
98.83 88.73 77.14 
98.61 88.52 77.14 
98.40 88.30 77.14 
98.18 88.09 77.14 
97.97 87.87 77.14 
97.75 87.66 77.14 
97.54 87.44 77.14 
97.11 87.44 77.14 
96.89 87.23 77.14 
96.68 87.01 77.14 
96.46 86.80 77.14 
96.25 86.58 77.14 
96.04 86.37 77.14 
95.82 86.15 77.14 
95.61 85.94 77.14 
95.39 85.72 77.14 
94.96 85.72 77.14 
94.75 85.51 77.14 
94.53 85.29 77.14 
94.10 85.29 77.14 
93.67 85.29 77.14 
93.46 85.08 77.14 
93.24 84.86 77.14 
92.81 84.86 77.14 
92.60 84.65 77.14 
92.38 84.43 77.14 
91.95 84.43 77.14 
91.52 84.43 77.14 
91.31 84.22 77.14 
91.09 84.00 77.14 
90.66 84.00 77.14 
90.23 84.00 77.14 
89.80 84.00 77.14 
89.38 84.00 77.14 
89.16 83.79 77.14 
88.95 83.57 77.14 
88.52 83.57 77.14 
88.09 83.57 77.14 
87.87 83.36 77.14 
87.66 83.14 77.14 
87.23 83.14 77.14 
86.80 83.14 77.14 
86.37 83.14 77.14 
85.94 83.14 77.14 
85.51 83.14 77.14 
85.08 83.14 77.14 
84.65 83.14 77.14 
84.22 83.14 77.14 
83.79 83.14 77.14 
83.36 83.14 77.14 
82.93 83.14 77.14 
82.50 83.14 77.14 
82.07 83.14 77.14 
81.64 83.14 77.14 
81.21 83.14 77.14 
80.78 83.14 77.14 
80.35 83.14 77.14 
79.92 83.14 77.14 
79.49 83.14 77.14 
79.06 83.14 77.14 
78.63 83.14 77.14 
78.20 83.14 77.14 
77.77 83.14 77.14 
77.34 83.14 77.14 
77.13 82.93 77.14 
76.91 82.71 77.14 
76.48 82.71 77.14 
76.05 82.71 77.14 
75.63 82.71 77.14 
75.20 82.71 77.14 
74.77 82.71 77.14 
74.34 82.71 77.14 
73.91 82.71 77.14 
73.48 82.71 77.14 
73.26 82.93 77.14 
73.05 83.14 77.14 
72.62 83.14 77.14 
72.19 83.14 77.14 
71.76 83.14 77.14 
71.54 83.36 77.14 
71.33 83.57 77.14 
70.90 83.57 77.14 
70.47 83.57 77.14 
70.04 83.57 77.14 
69.61 83.57 77.14 
69.39 83.79 77.14 
69.18 84.00 77.14 
68.75 84.00 77.14 
68.54 84.22 77.14 
68.32 84.43 77.14 
67.89 84.43 77.14 
67.46 84.43 77.14 
67.03 84.43 77.14 
66.82 84.65 77.14 
66.60 84.86 77.14 
66.39 85.08 77.14 
66.17 85.29 77.14 
65.96 85.08 77.14 
65.74 84.86 77.14 
65.53 85.08 77.14 
65.31 85.29 77.14 
64.88 85.29 77.14 
64.45 85.29 77.14 
64.24 85.51 77.14 
64.02 85.72 77.14 
63.59 85.72 77.14 
63.38 85.94 77.14 
63.16 86.15 77.14 
62.95 86.37 77.14 
62.73 86.58 77.14 
62.30 86.58 77.14 
62.09 86.37 77.14 
61.88 86.15 77.14 
61.66 86.37 77.14 
61.45 86.58 77.14 
61.23 86.80 77.14 
61.02 87.01 77.14 
60.59 87.01 77.14 
60.16 87.01 77.14 
59.94 87.23 77.14 
59.73 87.44 77.14 
59.51 87.66 77.14 
59.30 87.87 77.14 
58.87 87.87 77.14 
58.65 88.09 77.14 
58.44 88.30 77.14 
58.01 88.30 77.14 
57.79 88.52 77.14 
57.58 88.73 77.14 
57.15 88.73 77.14 
56.93 88.95 77.14 
56.72 89.16 77.14 
56.50 89.38 77.14 
56.29 89.59 77.14 
55.86 89.59 77.14 
55.64 89.80 77.14 
55.43 90.02 77.14 
55.21 90.23 77.14 
55.00 90.45 77.14 
54.79 90.66 77.14 
54.57 90.88 77.14 
54.36 91.09 77.14 
54.14 91.31 77.14 
53.93 91.52 77.14 
53.71 91.74 77.14 
53.50 91.95 77.14 
53.28 92.17 77.14 
53.07 92.38 77.14 
52.85 92.60 77.14 
52.64 92.81 77.14 
52.42 93.03 77.14 
51.99 93.03 77.14 
51.78 93.24 77.14 
51.78 93.67 77.14 
51.56 93.89 77.14 
51.35 94.10 77.14 
51.13 94.32 77.14 
50.92 94.53 77.14 
50.92 94.96 77.14 
50.70 95.18 77.14 
50.49 95.39 77.14 
50.27 95.61 77.14 
50.06 95.82 77.14 
50.06 96.25 77.14 
49.84 96.46 77.14 
49.63 96.68 77.14 
49.63 97.11 77.14 
49.41 97.32 77.14 
49.20 97.54 77.14 
49.20 97.97 77.14 
48.98 98.18 77.14 
48.77 98.40 77.14 
48.77 98.83 77.14 
48.77 99.26 77.14 
48.55 99.47 77.14 
48.34 99.69 77.14 
48.34 100.12 77.14 
48.13 100.33 77.14 
47.91 100.55 77.14 
47.91 100.98 77.14 
47.91 101.41 77.14 
47.70 101.62 77.14 
47.48 101.84 77.14 
47.48 102.27 77.14 
47.48 102.70 77.14 
47.27 102.91 77.14 
47.05 103.13 77.14 
47.05 103.55 77.14 
47.05 103.98 77.14 
47.05 104.41 77.14 
47.05 104.84 77.14 
47.05 105.27 77.14 
47.05 105.70 77.14 
47.05 106.13 77.14 
47.05 106.56 77.14 
47.05 106.99 77.14 
47.05 107.42 77.14 
47.05 107.85 77.14 
47.05 108.28 77.14 
47.05 108.71 77.14 
47.05 109.14 77.14 
47.05 109.57 77.14 
47.05 110.00 77.14 
47.27 110.21 77.14 
47.48 110.43 77.14 
47.48 110.86 77.14 
47.48 111.29 77.14 
47.27 111.50 77.14 
47.05 111.72 77.14 
47.05 112.15 77.14 
47.05 112.58 77.14 
46.84 112.79 77.14 
101.84 115.37 81.20 
101.62 115.16 81.20 
101.62 114.73 81.20 
101.62 114.30 81.20 
101.84 114.08 81.20 
102.05 113.87 81.20 
102.05 113.44 81.20 
102.27 113.22 81.20 
102.70 113.22 81.20 
102.91 113.01 81.20 
102.91 112.58 81.20 
102.91 112.15 81.20 
103.13 111.93 81.20 
103.34 111.72 81.20 
103.55 111.50 81.20 
103.77 111.29 81.20 
103.77 110.86 81.20 
103.77 110.43 81.20 
103.98 110.21 81.20 
104.20 110.00 81.20 
104.20 109.57 81.20 
104.20 109.14 81.20 
104.41 108.93 81.20 
104.63 108.71 81.20 
104.63 108.28 81.20 
104.63 107.85 81.20 
104.84 107.64 81.20 
105.06 107.42 81.20 
105.06 106.99 81.20 
105.27 106.78 81.20 
105.49 106.56 81.20 
105.49 106.13 81.20 
105.49 105.70 81.20 
105.49 105.27 81.20 
105.49 104.84 81.20 
105.49 104.41 81.20 
105.49 103.98 81.20 
105.70 103.77 81.20 
105.92 103.55 81.20 
105.92 103.13 81.20 
105.92 102.70 81.20 
105.92 102.27 81.20 
106.13 102.05 81.20 
106.35 101.84 81.20 
106.13 101.62 81.20 
105.92 101.41 81.20 
105.92 100.98 81.20 
105.92 100.55 81.20 
105.92 100.12 81.20 
105.92 99.69 81.20 
105.92 99.26 81.20 
105.92 98.83 81.20 
105.92 98.40 81.20 
105.92 97.97 81.20 
105.92 97.54 81.20 
105.92 97.11 81.20 
105.92 96.68 81.20 
105.92 96.25 81.20 
105.92 95.82 81.20 
105.70 95.61 81.20 
105.49 95.39 81.20 
105.49 94.96 81.20 
105.49 94.53 81.20 
105.27 94.32 81.20 
105.06 94.10 81.20 
105.06 93.67 81.20 
105.06 93.24 81.20 
104.84 93.03 81.20 
104.63 92.81 81.20 
104.63 92.38 81.20 
104.41 92.17 81.20 
104.20 91.95 81.20 
104.20 91.52 81.20 
103.98 91.31 81.20 
103.77 91.09 81.20 
103.77 90.66 81.20 
103.55 90.45 81.20 
103.34 90.23 81.20 
103.34 89.80 81.20 
103.13 89.59 81.20 
102.91 89.38 81.20 
102.70 89.16 81.20 
102.48 88.95 81.20 
102.27 88.73 81.20 
102.05 88.52 81.20 
102.05 88.09 81.20 
101.84 87.87 81.20 
101.62 87.66 81.20 
101.41 87.44 81.20 
101.19 87.23 81.20 
100.98 87.01 81.20 
100.76 86.80 81.20 
100.55 86.58 81.20 
100.33 86.37 81.20 
100.12 86.15 81.20 
99.90 85.94 81.20 
99.69 85.72 81.20 
99.47 85.51 81.20 
99.26 85.29 81.20 
99.04 85.08 81.20 
98.83 84.86 81.20 
98.61 84.65 81.20 
98.40 84.43 81.20 
98.18 84.22 81.20 
97.97 84.00 81.20 
97.75 83.79 81.20 
97.54 83.57 81.20 
97.11 83.57 81.20 
96.68 83.57 81.20 
96.46 83.36 81.20 
96.25 83.14 81.20 
95.82 83.14 81.20 
95.61 82.93 81.20 
95.39 82.71 81.20 
94.96 82.71 81.20 
94.53 82.71 81.20 
94.32 82.50 81.20 
94.10 82.29 81.20 
93.67 82.29 81.20 
93.46 82.07 81.20 
93.24 81.86 81.20 
92.81 81.86 81.20 
92.38 81.86 81.20 
91.95 81.86 81.20 
91.52 81.86 81.20 
91.31 81.64 81.20 
91.09 81.43 81.20 
90.66 81.43 81.20 
90.23 81.43 81.20 
89.80 81.43 81.20 
89.59 81.21 81.20 
89.38 81.00 81.20 
88.95 81.00 81.20 
88.52 81.00 81.20 
88.09 81.00 81.20 
87.66 81.00 81.20 
87.23 81.00 81.20 
86.80 81.00 81.20 
86.37 81.00 81.20 
85.94 81.00 81.20 
85.51 81.00 81.20 
85.08 81.00 81.20 
84.65 81.00 81.20 
84.43 81.21 81.20 
84.22 81.43 81.20 
83.79 81.43 81.20 
83.36 81.43 81.20 
82.93 81.43 81.20 
82.50 81.43 81.20 
82.07 81.43 81.20 
81.64 81.43 81.20 
81.21 81.43 81.20 
80.78 81.43 81.20 
80.57 81.64 81.20 
80.35 81.86 81.20 
79.92 81.86 81.20 
79.49 81.86 81.20 
79.06 81.86 81.20 
78.63 81.86 81.20 
78.20 81.86 81.20 
77.99 81.64 81.20 
77.77 81.43 81.20 
77.56 81.21 81.20 
77.34 81.00 81.20 
77.13 81.21 81.20 
76.91 81.43 81.20 
76.48 81.43 81.20 
76.05 81.43 81.20 
75.63 81.43 81.20 
75.20 81.43 81.20 
74.77 81.43 81.20 
74.34 81.43 81.20 
73.91 81.43 81.20 
73.69 81.64 81.20 
73.48 81.86 81.20 
73.05 81.86 81.20 
72.62 81.86 81.20 
72.19 81.86 81.20 
71.76 81.86 81.20 
71.33 81.86 81.20 
70.90 81.86 81.20 
70.68 82.07 81.20 
70.47 82.29 81.20 
70.04 82.29 81.20 
69.82 82.50 81.20 
69.61 82.71 81.20 
69.18 82.71 81.20 
68.96 82.93 81.20 
68.75 83.14 81.20 
68.32 83.14 81.20 
67.89 83.14 81.20 
67.46 83.14 81.20 
67.03 83.14 81.20 
66.60 83.14 81.20 
66.17 83.14 81.20 
65.74 83.14 81.20 
65.53 83.36 81.20 
65.31 83.57 81.20 
64.88 83.57 81.20 
64.45 83.57 81.20 
64.24 83.79 81.20 
64.02 84.00 81.20 
63.59 84.00 81.20 
63.16 84.00 81.20 
62.73 84.00 81.20 
62.52 84.22 81.20 
62.30 84.43 81.20 
61.88 84.43 81.20 
61.66 84.65 81.20 
61.45 84.86 81.20 
61.02 84.86 81.20 
60.80 85.08 81.20 
60.59 85.29 81.20 
60.16 85.29 81.20 
59.73 85.29 81.20 
59.51 85.51 81.20 
59.30 85.72 81.20 
58.87 85.72 81.20 
58.65 85.94 81.20 
58.44 86.15 81.20 
58.22 86.37 81.20 
58.01 86.58 81.20 
57.58 86.58 81.20 
57.36 86.80 81.20 
57.15 87.01 81.20 
56.93 87.23 81.20 
56.72 87.44 81.20 
56.50 87.66 81.20 
56.29 87.87 81.20 
55.86 87.87 81.20 
55.64 88.09 81.20 
55.43 88.30 81.20 
55.21 88.52 81.20 
55.00 88.73 81.20 
54.57 88.73 81.20 
54.36 88.95 81.20 
54.36 89.38 81.20 
54.14 89.59 81.20 
53.71 89.59 81.20 
53.50 89.80 81.20 
53.28 90.02 81.20 
53.07 90.23 81.20 
52.85 90.45 81.20 
52.64 90.66 81.20 
52.42 90.88 81.20 
52.21 91.09 81.20 
51.99 91.31 81.20 
51.78 91.52 81.20 
51.56 91.74 81.20 
51.35 91.95 81.20 
51.13 92.17 81.20 
50.92 92.38 81.20 
50.70 92.60 81.20 
50.49 92.81 81.20 
50.49 93.24 81.20 
50.27 93.46 81.20 
50.06 93.67 81.20 
49.84 93.89 81.20 
49.63 94.10 81.20 
49.41 94.32 81.20 
49.20 94.53 81.20 
48.98 94.75 81.20 
48.77 94.96 81.20 
48.77 95.39 81.20 
48.55 95.61 81.20 
48.34 95.82 81.20 
48.13 96.04 81.20 
47.91 96.25 81.20 
47.91 96.68 81.20 
47.70 96.89 81.20 
47.48 97.11 81.20 
47.48 97.54 81.20 
47.27 97.75 81.20 
47.05 97.97 81.20 
47.05 98.40 81.20 
47.05 98.83 81.20 
46.84 99.04 81.20 
46.62 99.26 81.20 
46.62 99.69 81.20 
46.41 99.90 81.20 
46.19 100.12 81.20 
46.19 100.55 81.20 
46.19 100.98 81.20 
45.98 101.19 81.20 
45.76 101.41 81.20 
45.76 101.84 81.20 
45.55 102.05 81.20 
45.33 102.27 81.20 
45.33 102.70 81.20 
45.33 103.13 81.20 
45.33 103.55 81.20 
45.33 103.98 81.20 
45.33 104.41 81.20 
45.33 104.84 81.20 
45.33 105.27 81.20 
45.33 105.70 81.20 
45.33 106.13 81.20 
45.33 106.56 81.20 
45.33 106.99 81.20 
45.33 107.42 81.20 
45.33 107.85 81.20 
45.33 108.28 81.20 
45.33 108.71 81.20 
45.33 109.14 81.20 
45.33 109.57 81.20 
45.33 110.00 81.20 
45.33 110.43 81.20 
45.33 110.86 81.20 
45.33 111.29 81.20 
45.55 111.50 81.20 
45.76 111.72 81.20 
45.76 112.15 81.20 
45.76 112.58 81.20 
45.76 113.01 81.20 
103.13 115.37 85.26 
102.91 115.16 85.26 
103.13 114.94 85.26 
103.34 114.73 85.26 
103.34 114.30 85.26 
103.55 114.08 85.26 
103.77 113.87 85.26 
103.98 113.65 85.26 
104.20 113.44 85.26 
104.20 113.01 85.26 
104.41 112.79 85.26 
104.63 112.58 85.26 
104.63 112.15 85.26 
104.84 111.93 85.26 
105.06 111.72 85.26 
105.06 111.29 85.26 
105.06 110.86 85.26 
105.27 110.64 85.26 
105.49 110.43 85.26 
105.49 110.00 85.26 
105.70 109.79 85.26 
105.92 109.57 85.26 
105.92 109.14 85.26 
106.13 108.93 85.26 
106.35 108.71 85.26 
106.35 108.28 85.26 
106.35 107.85 85.26 
106.56 107.64 85.26 
106.78 107.42 85.26 
106.78 106.99 85.26 
106.99 106.78 85.26 
107.21 106.56 85.26 
107.21 106.13 85.26 
107.21 105.70 85.26 
107.42 105.49 85.26 
107.64 105.27 85.26 
107.64 104.84 85.26 
107.64 104.41 85.26 
107.64 103.98 85.26 
107.64 103.55 85.26 
107.64 103.13 85.26 
107.85 102.91 85.26 
108.07 102.70 85.26 
107.85 102.48 85.26 
107.64 102.27 85.26 
107.85 102.05 85.26 
108.07 101.84 85.26 
108.07 101.41 85.26 
107.85 101.19 85.26 
107.64 100.98 85.26 
107.85 100.76 85.26 
108.07 100.55 85.26 
108.07 100.12 85.26 
108.07 99.69 85.26 
108.07 99.26 85.26 
108.07 98.83 85.26 
108.07 98.40 85.26 
108.07 97.97 85.26 
108.07 97.54 85.26 
108.07 97.11 85.26 
108.07 96.68 85.26 
107.85 96.46 85.26 
107.64 96.25 85.26 
107.64 95.82 85.26 
107.64 95.39 85.26 
107.42 95.18 85.26 
107.21 94.96 85.26 
107.21 94.53 85.26 
107.21 94.10 85.26 
107.21 93.67 85.26 
107.21 93.24 85.26 
106.99 93.03 85.26 
106.78 92.81 85.26 
106.78 92.38 85.26 
106.56 92.17 85.26 
106.35 91.95 85.26 
106.13 91.74 85.26 
105.92 91.52 85.26 
105.92 91.09 85.26 
105.70 90.88 85.26 
105.49 90.66 85.26 
105.27 90.45 85.26 
105.06 90.23 85.26 
105.06 89.80 85.26 
105.06 89.38 85.26 
104.84 89.16 85.26 
104.63 88.95 85.26 
104.41 88.73 85.26 
104.20 88.52 85.26 
103.98 88.30 85.26 
103.77 88.09 85.26 
103.55 87.87 85.26 
103.34 87.66 85.26 
103.34 87.23 85.26 
103.13 87.01 85.26 
102.91 86.80 85.26 
102.91 86.37 85.26 
102.70 86.15 85.26 
102.48 85.94 85.26 
102.27 85.72 85.26 
102.05 85.51 85.26 
101.84 85.29 85.26 
101.62 85.08 85.26 
101.41 84.86 85.26 
101.19 84.65 85.26 
100.98 84.43 85.26 
100.76 84.22 85.26 
100.55 84.00 85.26 
100.33 83.79 85.26 
100.12 83.57 85.26 
99.69 83.57 85.26 
99.47 83.36 85.26 
99.26 83.14 85.26 
99.04 82.93 85.26 
98.83 82.71 85.26 
98.40 82.71 85.26 
98.18 82.50 85.26 
97.97 82.29 85.26 
97.54 82.29 85.26 
97.32 82.07 85.26 
97.11 81.86 85.26 
96.68 81.86 85.26 
96.25 81.86 85.26 
96.04 81.64 85.26 
95.82 81.43 85.26 
95.39 81.43 85.26 
95.18 81.21 85.26 
94.96 81.00 85.26 
94.53 81.00 85.26 
94.10 81.00 85.26 
93.89 80.78 85.26 
93.67 80.57 85.26 
93.24 80.57 85.26 
92.81 80.57 85.26 
92.60 80.35 85.26 
92.38 80.14 85.26 
91.95 80.14 85.26 
91.52 80.14 85.26 
91.09 80.14 85.26 
90.66 80.14 85.26 
90.23 80.14 85.26 
89.80 80.14 85.26 
89.59 79.92 85.26 
89.38 79.71 85.26 
88.95 79.71 85.26 
88.52 79.71 85.26 
88.09 79.71 85.26 
87.66 79.71 85.26 
87.44 79.49 85.26 
87.23 79.28 85.26 
86.80 79.28 85.26 
86.37 79.28 85.26 
85.94 79.28 85.26 
85.51 79.28 85.26 
85.08 79.28 85.26 
84.65 79.28 85.26 
84.22 79.28 85.26 
83.79 79.28 85.26 
83.36 79.28 85.26 
82.93 79.28 85.26 
82.50 79.28 85.26 
82.07 79.28 85.26 
81.64 79.28 85.26 
81.21 79.28 85.26 
80.78 79.28 85.26 
80.57 79.49 85.26 
80.35 79.71 85.26 
80.14 79.92 85.26 
79.92 80.14 85.26 
79.49 80.14 85.26 
79.28 80.35 85.26 
79.06 80.57 85.26 
78.63 80.57 85.26 
78.20 80.57 85.26 
77.77 80.57 85.26 
77.56 80.35 85.26 
77.34 80.14 85.26 
76.91 80.14 85.26 
76.48 80.14 85.26 
76.05 80.14 85.26 
75.63 80.14 85.26 
75.41 80.35 85.26 
75.41 80.78 85.26 
75.20 81.00 85.26 
74.77 81.00 85.26 
74.34 81.00 85.26 
73.91 81.00 85.26 
73.69 81.21 85.26 
73.48 81.43 85.26 
73.05 81.43 85.26 
72.62 81.43 85.26 
72.19 81.43 85.26 
71.76 81.43 85.26 
71.33 81.43 85.26 
71.11 81.21 85.26 
70.90 81.00 85.26 
70.47 81.00 85.26 
70.04 81.00 85.26 
69.61 81.00 85.26 
69.18 81.00 85.26 
68.96 81.21 85.26 
68.75 81.43 85.26 
68.32 81.43 85.26 
67.89 81.43 85.26 
67.46 81.43 85.26 
67.03 81.43 85.26 
66.82 81.64 85.26 
66.60 81.86 85.26 
66.17 81.86 85.26 
65.96 82.07 85.26 
65.74 82.29 85.26 
65.31 82.29 85.26 
65.10 82.50 85.26 
64.88 82.71 85.26 
64.45 82.71 85.26 
64.02 82.71 85.26 
63.59 82.71 85.26 
63.16 82.71 85.26 
62.95 82.93 85.26 
62.73 83.14 85.26 
62.30 83.14 85.26 
62.09 83.36 85.26 
61.88 83.57 85.26 
61.45 83.57 85.26 
61.23 83.79 85.26 
61.02 84.00 85.26 
60.59 84.00 85.26 
60.16 84.00 85.26 
59.73 84.00 85.26 
59.51 84.22 85.26 
59.30 84.43 85.26 
59.08 84.65 85.26 
58.87 84.86 85.26 
58.44 84.86 85.26 
58.22 85.08 85.26 
58.01 85.29 85.26 
57.58 85.29 85.26 
57.36 85.51 85.26 
57.15 85.72 85.26 
56.72 85.72 85.26 
56.50 85.94 85.26 
56.29 86.15 85.26 
55.86 86.15 85.26 
55.64 86.37 85.26 
55.43 86.58 85.26 
55.21 86.80 85.26 
55.00 87.01 85.26 
54.79 87.23 85.26 
54.57 87.44 85.26 
54.14 87.44 85.26 
53.93 87.66 85.26 
53.71 87.87 85.26 
53.50 88.09 85.26 
53.28 88.30 85.26 
53.07 88.52 85.26 
52.85 88.73 85.26 
52.64 88.95 85.26 
52.42 89.16 85.26 
52.21 89.38 85.26 
51.99 89.59 85.26 
51.78 89.80 85.26 
51.56 90.02 85.26 
51.35 90.23 85.26 
51.13 90.45 85.26 
50.92 90.66 85.26 
50.70 90.88 85.26 
50.49 91.09 85.26 
50.27 91.31 85.26 
50.06 91.52 85.26 
50.06 91.95 85.26 
49.84 92.17 85.26 
49.63 92.38 85.26 
49.41 92.60 85.26 
49.20 92.81 85.26 
48.98 93.03 85.26 
48.77 93.24 85.26 
48.55 93.46 85.26 
48.34 93.67 85.26 
48.13 93.89 85.26 
47.91 94.10 85.26 
47.91 94.53 85.26 
47.70 94.75 85.26 
47.48 94.96 85.26 
47.48 95.39 85.26 
47.27 95.61 85.26 
47.05 95.82 85.26 
46.84 96.04 85.26 
46.62 96.25 85.26 
46.62 96.68 85.26 
46.41 96.89 85.26 
46.19 97.11 85.26 
45.98 97.32 85.26 
45.76 97.54 85.26 
45.76 97.97 85.26 
45.55 98.18 85.26 
45.33 98.40 85.26 
45.33 98.83 85.26 
45.33 99.26 85.26 
45.12 99.47 85.26 
44.90 99.69 85.26 
44.90 100.12 85.26 
44.90 100.55 85.26 
44.69 100.76 85.26 
44.47 100.98 85.26 
44.47 101.41 85.26 
44.47 101.84 85.26 
44.47 102.27 85.26 
44.26 102.48 85.26 
44.04 102.70 85.26 
44.04 103.13 85.26 
44.04 103.55 85.26 
44.04 103.98 85.26 
44.04 104.41 85.26 
43.83 104.63 85.26 
43.61 104.84 85.26 
43.61 105.27 85.26 
43.61 105.70 85.26 
43.61 106.13 85.26 
43.61 106.56 85.26 
43.61 106.99 85.26 
43.61 107.42 85.26 
43.61 107.85 85.26 
43.61 108.28 85.26 
43.83 108.50 85.26 
44.04 108.71 85.26 
44.04 109.14 85.26 
44.04 109.57 85.26 
44.04 110.00 85.26 
44.26 110.21 85.26 
44.47 110.43 85.26 
44.26 110.64 85.26 
44.04 110.86 85.26 
104.41 115.37 89.32 
104.20 115.16 89.32 
103.98 114.94 89.32 
103.77 114.73 89.32 
103.98 114.51 89.32 
104.20 114.30 89.32 
104.20 113.87 89.32 
104.41 113.65 89.32 
104.63 113.44 89.32 
104.84 113.22 89.32 
105.06 113.01 89.32 
105.06 112.58 89.32 
105.27 112.36 89.32 
105.49 112.15 89.32 
105.49 111.72 89.32 
105.70 111.50 89.32 
105.92 111.29 89.32 
105.92 110.86 89.32 
106.13 110.64 89.32 
106.35 110.43 89.32 
106.35 110.00 89.32 
106.56 109.79 89.32 
106.78 109.57 89.32 
106.78 109.14 89.32 
106.78 108.71 89.32 
106.99 108.50 89.32 
107.21 108.28 89.32 
107.21 107.85 89.32 
107.42 107.64 89.32 
107.64 107.42 89.32 
107.64 106.99 89.32 
107.64 106.56 89.32 
107.85 106.35 89.32 
108.07 106.13 89.32 
108.07 105.70 89.32 
108.28 105.49 89.32 
108.50 105.27 89.32 
108.50 104.84 89.32 
108.50 104.41 89.32 
108.50 103.98 89.32 
108.50 103.55 89.32 
108.50 103.13 89.32 
108.71 102.91 89.32 
108.93 102.70 89.32 
108.93 102.27 89.32 
108.93 101.84 89.32 
108.93 101.41 89.32 
108.93 100.98 89.32 
108.93 100.55 89.32 
108.93 100.12 89.32 
108.93 99.69 89.32 
108.93 99.26 89.32 
108.93 98.83 89.32 
108.93 98.40 89.32 
108.93 97.97 89.32 
108.93 97.54 89.32 
108.93 97.11 89.32 
108.93 96.68 89.32 
108.93 96.25 89.32 
108.71 96.04 89.32 
108.50 95.82 89.32 
108.50 95.39 89.32 
108.50 94.96 89.32 
108.50 94.53 89.32 
108.28 94.32 89.32 
108.07 94.10 89.32 
108.07 93.67 89.32 
107.85 93.46 89.32 
107.64 93.24 89.32 
107.64 92.81 89.32 
107.64 92.38 89.32 
107.64 91.95 89.32 
107.42 91.74 89.32 
107.21 91.52 89.32 
107.21 91.09 89.32 
106.99 90.88 89.32 
106.78 90.66 89.32 
106.78 90.23 89.32 
106.56 90.02 89.32 
106.35 89.80 89.32 
106.13 89.59 89.32 
105.92 89.38 89.32 
105.92 88.95 89.32 
105.70 88.73 89.32 
105.49 88.52 89.32 
105.27 88.30 89.32 
105.06 88.09 89.32 
105.06 87.66 89.32 
104.84 87.44 89.32 
104.63 87.23 89.32 
104.41 87.01 89.32 
104.20 86.80 89.32 
103.98 86.58 89.32 
103.77 86.37 89.32 
103.55 86.15 89.32 
103.34 85.94 89.32 
103.13 85.72 89.32 
102.91 85.51 89.32 
102.70 85.29 89.32 
102.48 85.08 89.32 
102.27 84.86 89.32 
102.05 84.65 89.32 
101.84 84.43 89.32 
101.62 84.22 89.32 
101.41 84.00 89.32 
101.19 83.79 89.32 
100.98 83.57 89.32 
100.76 83.36 89.32 
100.55 83.14 89.32 
100.12 83.14 89.32 
99.90 82.93 89.32 
99.69 82.71 89.32 
99.47 82.50 89.32 
99.26 82.29 89.32 
99.04 82.07 89.32 
98.83 81.86 89.32 
98.40 81.86 89.32 
97.97 81.86 89.32 
97.75 81.64 89.32 
97.54 81.43 89.32 
97.11 81.43 89.32 
96.89 81.21 89.32 
96.68 81.00 89.32 
96.25 81.00 89.32 
96.04 80.78 89.32 
95.82 80.57 89.32 
95.39 80.57 89.32 
95.18 80.35 89.32 
94.96 80.14 89.32 
94.53 80.14 89.32 
94.10 80.14 89.32 
93.67 80.14 89.32 
93.46 79.92 89.32 
93.24 79.71 89.32 
92.81 79.71 89.32 
92.38 79.71 89.32 
91.95 79.71 89.32 
91.52 79.71 89.32 
91.09 79.71 89.32 
90.88 79.49 89.32 
90.66 79.28 89.32 
90.23 79.28 89.32 
89.80 79.28 89.32 
89.38 79.28 89.32 
88.95 79.28 89.32 
88.52 79.28 89.32 
88.09 79.28 89.32 
87.87 79.06 89.32 
87.66 78.85 89.32 
87.23 78.85 89.32 
86.80 78.85 89.32 
86.37 78.85 89.32 
85.94 78.85 89.32 
85.51 78.85 89.32 
85.08 78.85 89.32 
84.65 78.85 89.32 
84.43 78.63 89.32 
84.22 78.42 89.32 
83.79 78.42 89.32 
83.36 78.42 89.32 
82.93 78.42 89.32 
82.50 78.42 89.32 
82.07 78.42 89.32 
81.64 78.42 89.32 
81.21 78.42 89.32 
81.00 78.63 89.32 
80.78 78.85 89.32 
80.35 78.85 89.32 
79.92 78.85 89.32 
79.49 78.85 89.32 
79.06 78.85 89.32 
78.63 78.85 89.32 
78.20 78.85 89.32 
77.99 79.06 89.32 
77.77 79.28 89.32 
77.34 79.28 89.32 
76.91 79.28 89.32 
76.48 79.28 89.32 
76.27 79.49 89.32 
76.05 79.71 89.32 
75.63 79.71 89.32 
75.20 79.71 89.32 
74.98 79.92 89.32 
74.77 80.14 89.32 
74.34 80.14 89.32 
74.12 80.35 89.32 
73.91 80.57 89.32 
73.48 80.57 89.32 
73.05 80.57 89.32 
72.83 80.78 89.32 
72.62 81.00 89.32 
72.19 81.00 89.32 
71.76 81.00 89.32 
71.33 81.00 89.32 
71.11 81.21 89.32 
70.90 81.43 89.32 
70.47 81.43 89.32 
70.04 81.43 89.32 
69.61 81.43 89.32 
69.18 81.43 89.32 
68.75 81.43 89.32 
68.32 81.43 89.32 
67.89 81.43 89.32 
67.68 81.64 89.32 
67.46 81.86 89.32 
67.03 81.86 89.32 
66.60 81.86 89.32 
66.17 81.86 89.32 
65.74 81.86 89.32 
65.53 82.07 89.32 
65.31 82.29 89.32 
64.88 82.29 89.32 
64.67 82.50 89.32 
64.45 82.71 89.32 
64.02 82.71 89.32 
63.59 82.71 89.32 
63.16 82.71 89.32 
62.95 82.93 89.32 
62.73 83.14 89.32 
62.30 83.14 89.32 
61.88 83.14 89.32 
61.66 83.36 89.32 
61.45 83.57 89.32 
61.02 83.57 89.32 
60.80 83.79 89.32 
60.59 84.00 89.32 
60.16 84.00 89.32 
59.73 84.00 89.32 
59.30 84.00 89.32 
59.08 84.22 89.32 
58.87 84.43 89.32 
58.44 84.43 89.32 
58.22 84.65 89.32 
58.01 84.86 89.32 
57.58 84.86 89.32 
57.36 85.08 89.32 
57.15 85.29 89.32 
56.93 85.51 89.32 
56.72 85.72 89.32 
56.29 85.72 89.32 
56.07 85.94 89.32 
55.86 86.15 89.32 
55.43 86.15 89.32 
55.21 86.37 89.32 
55.00 86.58 89.32 
54.79 86.80 89.32 
54.57 87.01 89.32 
54.36 87.23 89.32 
54.36 87.66 89.32 
54.14 87.87 89.32 
53.93 88.09 89.32 
53.71 88.30 89.32 
53.28 88.30 89.32 
53.07 88.52 89.32 
52.85 88.73 89.32 
52.64 88.95 89.32 
52.42 89.16 89.32 
52.21 89.38 89.32 
51.99 89.59 89.32 
51.78 89.80 89.32 
51.56 90.02 89.32 
51.35 90.23 89.32 
51.35 90.66 89.32 
51.13 90.88 89.32 
50.92 91.09 89.32 
50.70 91.31 89.32 
50.49 91.52 89.32 
50.27 91.74 89.32 
50.06 91.95 89.32 
49.84 92.17 89.32 
49.63 92.38 89.32 
49.41 92.60 89.32 
49.20 92.81 89.32 
48.98 93.03 89.32 
48.77 93.24 89.32 
48.55 93.46 89.32 
48.34 93.67 89.32 
48.13 93.89 89.32 
47.91 94.10 89.32 
47.91 94.53 89.32 
47.70 94.75 89.32 
47.48 94.96 89.32 
47.48 95.39 89.32 
47.27 95.61 89.32 
47.05 95.82 89.32 
46.84 96.04 89.32 
46.62 96.25 89.32 
46.62 96.68 89.32 
46.41 96.89 89.32 
46.19 97.11 89.32 
45.98 97.32 89.32 
45.76 97.54 89.32 
45.76 97.97 89.32 
45.55 98.18 89.32 
45.33 98.40 89.32 
45.33 98.83 89.32 
45.33 99.26 89.32 
45.12 99.47 89.32 
44.90 99.69 89.32 
44.69 99.90 89.32 
44.47 100.12 89.32 
44.47 100.55 89.32 
44.47 100.98 89.32 
44.26 101.19 89.32 
44.04 101.41 89.32 
44.04 101.84 89.32 
44.04 102.27 89.32 
43.83 102.48 89.32 
43.61 102.70 89.32 
43.61 103.13 89.32 
43.61 103.55 89.32 
104.41 115.37 89.32 
106.13 111.93 93.38 
105.92 111.72 93.38 
105.92 111.29 93.38 
105.92 110.86 93.38 
106.13 110.64 93.38 
106.35 110.43 93.38 
106.35 110.00 93.38 
106.56 109.79 93.38 
106.78 109.57 93.38 
106.78 109.14 93.38 
106.99 108.93 93.38 
107.21 108.71 93.38 
107.21 108.28 93.38 
107.21 107.85 93.38 
107.42 107.64 93.38 
107.64 107.42 93.38 
107.64 106.99 93.38 
107.64 106.56 93.38 
107.85 106.35 93.38 
108.07 106.13 93.38 
108.07 105.70 93.38 
108.07 105.27 93.38 
108.07 104.84 93.38 
108.07 104.41 93.38 
108.28 104.20 93.38 
108.50 103.98 93.38 
108.50 103.55 93.38 
108.50 103.13 93.38 
108.50 102.70 93.38 
108.50 102.27 93.38 
108.50 101.84 93.38 
108.50 101.41 93.38 
108.50 100.98 93.38 
108.50 100.55 93.38 
108.71 100.33 93.38 
108.93 100.12 93.38 
108.93 99.69 93.38 
108.93 99.26 93.38 
108.93 98.83 93.38 
108.93 98.40 93.38 
108.93 97.97 93.38 
108.93 97.54 93.38 
108.93 97.11 93.38 
108.93 96.68 93.38 
108.93 96.25 93.38 
108.71 96.04 93.38 
108.50 95.82 93.38 
108.50 95.39 93.38 
108.50 94.96 93.38 
108.28 94.75 93.38 
108.07 94.53 93.38 
108.07 94.10 93.38 
108.07 93.67 93.38 
108.07 93.24 93.38 
107.85 93.03 93.38 
107.64 92.81 93.38 
107.64 92.38 93.38 
107.64 91.95 93.38 
107.64 91.52 93.38 
107.42 91.31 93.38 
107.21 91.09 93.38 
107.21 90.66 93.38 
106.99 90.45 93.38 
106.78 90.23 93.38 
106.78 89.80 93.38 
106.56 89.59 93.38 
106.35 89.38 93.38 
106.35 88.95 93.38 
106.13 88.73 93.38 
105.92 88.52 93.38 
105.70 88.30 93.38 
105.49 88.09 93.38 
105.27 87.87 93.38 
105.06 87.66 93.38 
104.84 87.44 93.38 
104.63 87.23 93.38 
104.41 87.01 93.38 
104.20 86.80 93.38 
104.20 86.37 93.38 
103.98 86.15 93.38 
103.77 85.94 93.38 
103.77 85.51 93.38 
103.55 85.29 93.38 
103.13 85.29 93.38 
102.70 85.29 93.38 
102.48 85.08 93.38 
102.48 84.65 93.38 
102.27 84.43 93.38 
102.05 84.22 93.38 
101.84 84.00 93.38 
101.41 84.00 93.38 
101.19 83.79 93.38 
100.98 83.57 93.38 
100.76 83.36 93.38 
100.76 82.93 93.38 
100.55 82.71 93.38 
100.12 82.71 93.38 
99.69 82.71 93.38 
99.47 82.50 93.38 
99.47 82.07 93.38 
99.26 81.86 93.38 
98.83 81.86 93.38 
98.40 81.86 93.38 
98.18 81.64 93.38 
98.18 81.21 93.38 
97.97 81.00 93.38 
97.54 81.00 93.38 
97.11 81.00 93.38 
96.68 81.00 93.38 
96.46 80.78 93.38 
96.25 80.57 93.38 
95.82 80.57 93.38 
95.61 80.35 93.38 
95.39 80.14 93.38 
94.96 80.14 93.38 
94.75 79.92 93.38 
94.53 79.71 93.38 
94.10 79.71 93.38 
93.89 79.49 93.38 
93.67 79.28 93.38 
93.24 79.28 93.38 
92.81 79.28 93.38 
92.38 79.28 93.38 
91.95 79.28 93.38 
91.74 79.06 93.38 
91.52 78.85 93.38 
91.09 78.85 93.38 
90.66 78.85 93.38 
90.23 78.85 93.38 
89.80 78.85 93.38 
89.38 78.85 93.38 
88.95 78.85 93.38 
88.52 78.85 93.38 
88.30 78.63 93.38 
88.09 78.42 93.38 
87.66 78.42 93.38 
87.23 78.42 93.38 
86.80 78.42 93.38 
86.37 78.42 93.38 
85.94 78.42 93.38 
85.51 78.42 93.38 
85.08 78.42 93.38 
84.65 78.42 93.38 
84.22 78.42 93.38 
83.79 78.42 93.38 
83.36 78.42 93.38 
82.93 78.42 93.38 
82.71 78.63 93.38 
82.50 78.85 93.38 
82.07 78.85 93.38 
81.64 78.85 93.38 
81.21 78.85 93.38 
80.78 78.85 93.38 
80.35 78.85 93.38 
79.92 78.85 93.38 
79.71 79.06 93.38 
79.49 79.28 93.38 
79.06 79.28 93.38 
78.63 79.28 93.38 
78.20 79.28 93.38 
77.77 79.28 93.38 
77.34 79.28 93.38 
77.13 79.49 93.38 
76.91 79.71 93.38 
76.48 79.71 93.38 
76.05 79.71 93.38 
75.63 79.71 93.38 
75.20 79.71 93.38 
74.77 79.71 93.38 
74.55 79.92 93.38 
74.34 80.14 93.38 
73.91 80.14 93.38 
73.48 80.14 93.38 
106.13 111.93 93.38 
108.28 95.61 97.44 
107.85 95.61 97.44 
107.64 95.39 97.44 
107.42 95.18 97.44 
107.21 94.96 97.44 
107.21 94.53 97.44 
107.21 94.10 97.44 
107.21 93.67 97.44 
107.21 93.24 97.44 
106.99 93.03 97.44 
106.78 92.81 97.44 
106.78 92.38 97.44 
106.78 91.95 97.44 
106.56 91.74 97.44 
106.35 91.52 97.44 
106.35 91.09 97.44 
106.13 90.88 97.44 
105.92 90.66 97.44 
105.92 90.23 97.44 
105.70 90.02 97.44 
105.49 89.80 97.44 
105.49 89.38 97.44 
105.27 89.16 97.44 
105.06 88.95 97.44 
104.84 88.73 97.44 
104.63 88.52 97.44 
104.63 88.09 97.44 
104.41 87.87 97.44 
104.20 87.66 97.44 
103.98 87.44 97.44 
103.55 87.44 97.44 
103.34 87.23 97.44 
103.34 86.80 97.44 
103.13 86.58 97.44 
102.91 86.37 97.44 
102.70 86.15 97.44 
102.48 85.94 97.44 
102.27 85.72 97.44 
102.05 85.51 97.44 
101.84 85.29 97.44 
101.62 85.08 97.44 
101.41 84.86 97.44 
101.19 84.65 97.44 
100.98 84.43 97.44 
100.55 84.43 97.44 
100.33 84.22 97.44 
100.12 84.00 97.44 
99.90 83.79 97.44 
99.69 83.57 97.44 
99.47 83.36 97.44 
99.26 83.14 97.44 
99.04 82.93 97.44 
98.83 82.71 97.44 
98.61 82.50 97.44 
98.40 82.29 97.44 
97.97 82.29 97.44 
97.75 82.07 97.44 
97.54 81.86 97.44 
97.32 81.64 97.44 
97.11 81.43 97.44 
96.89 81.21 97.44 
96.68 81.00 97.44 
96.25 81.00 97.44 
96.04 80.78 97.44 
95.82 80.57 97.44 
95.39 80.57 97.44 
94.96 80.57 97.44 
94.75 80.35 97.44 
94.53 80.14 97.44 
94.10 80.14 97.44 
93.89 79.92 97.44 
93.67 79.71 97.44 
93.24 79.71 97.44 
92.81 79.71 97.44 
92.60 79.49 97.44 
92.38 79.28 97.44 
91.95 79.28 97.44 
91.52 79.28 97.44 
91.09 79.28 97.44 
90.88 79.06 97.44 
90.66 78.85 97.44 
90.23 78.85 97.44 
89.80 78.85 97.44 
89.38 78.85 97.44 
88.95 78.85 97.44 
88.52 78.85 97.44 
88.30 78.63 97.44 
108.28 95.61 97.44 
