2.64 
2.64 
2.64 
2.64 
2.65 
2.66 
2.67 
2.68 
2.69 
2.70 
2.71 
2.72 
2.73 
2.74 
2.75 
2.76 
2.77 
2.78 
2.79 
2.80 
2.81 
2.82 
2.83 
2.84 
2.85 
2.85 
2.86 
2.87 
2.88 
2.89 
2.90 
2.91 
2.92 
2.93 
2.94 
2.95 
2.96 
2.97 
2.98 
2.99 
3.00 
3.01 
3.02 
3.03 
3.04 
3.04 
3.06 
3.06 
3.07 
3.09 
3.10 
3.11 
3.12 
3.13 
3.14 
-3.14 
-3.13 
-3.11 
-3.10 
-3.10 
-3.08 
-3.08 
-3.08 
-2.53 
-2.53 
-2.54 
2.14 
2.14 
2.14 
2.15 
2.16 
2.17 
2.18 
2.18 
2.20 
2.21 
2.22 
2.24 
2.25 
2.26 
2.27 
2.28 
2.29 
2.30 
2.32 
2.33 
2.34 
2.36 
2.36 
2.37 
2.39 
2.40 
2.41 
2.42 
2.43 
2.44 
2.45 
2.46 
2.47 
2.48 
2.49 
2.50 
2.51 
2.52 
2.53 
2.54 
2.55 
2.56 
2.57 
2.58 
2.59 
2.60 
2.61 
2.62 
2.63 
2.64 
2.65 
2.66 
2.67 
2.68 
2.69 
2.70 
2.71 
2.72 
2.73 
2.74 
2.74 
2.75 
2.76 
2.77 
2.78 
2.79 
2.80 
2.81 
2.82 
2.83 
2.84 
2.84 
2.85 
2.86 
2.87 
2.88 
2.89 
2.90 
2.91 
2.92 
2.93 
2.93 
2.94 
2.95 
2.96 
2.97 
2.98 
2.99 
3.00 
3.01 
3.02 
3.03 
3.03 
3.04 
3.05 
3.06 
3.07 
3.08 
3.09 
3.10 
3.11 
3.12 
3.13 
3.14 
-3.13 
-3.13 
-3.11 
-3.11 
-3.10 
-3.09 
-3.07 
-3.07 
-3.06 
-3.05 
-3.03 
-3.02 
-3.01 
-3.00 
-2.99 
-2.98 
-2.97 
-2.96 
-2.95 
-2.94 
-2.93 
-2.91 
-2.90 
-2.89 
-2.87 
-2.87 
-2.86 
-2.85 
-2.83 
-2.83 
-2.82 
-2.81 
-2.80 
-2.78 
-2.77 
-2.76 
-2.75 
-2.74 
-2.73 
-2.72 
-2.71 
-2.70 
-2.69 
-2.68 
-2.68 
-2.67 
-2.66 
-2.65 
-2.65 
-2.63 
-2.62 
-2.62 
-2.60 
-2.59 
-2.59 
-2.58 
-2.57 
-2.56 
-2.55 
-2.55 
-2.54 
-2.53 
-2.53 
-2.53 
-2.53 
-2.53 
1.68 
1.68 
1.69 
1.70 
1.71 
1.72 
1.73 
1.74 
1.75 
1.76 
1.77 
1.78 
1.79 
1.79 
1.80 
1.82 
1.83 
1.84 
1.84 
1.86 
1.87 
1.87 
1.89 
1.90 
1.91 
1.91 
1.93 
1.94 
1.95 
1.97 
1.98 
1.99 
1.99 
2.01 
2.02 
2.03 
2.05 
2.06 
2.07 
2.09 
2.10 
2.11 
2.13 
2.14 
2.15 
2.16 
2.17 
2.18 
2.19 
2.21 
2.22 
2.23 
2.24 
2.26 
2.27 
2.28 
2.29 
2.30 
2.31 
2.32 
2.34 
2.35 
2.36 
2.37 
2.38 
2.39 
2.40 
2.41 
2.42 
2.43 
2.44 
2.45 
2.46 
2.47 
2.48 
2.49 
2.50 
2.51 
2.52 
2.53 
2.54 
2.55 
2.56 
2.57 
2.58 
2.59 
2.60 
2.61 
2.62 
2.63 
2.64 
2.65 
2.66 
2.66 
2.67 
2.68 
2.69 
2.70 
2.71 
2.72 
2.73 
2.74 
2.75 
2.75 
2.76 
2.77 
2.78 
2.79 
2.80 
2.81 
2.82 
2.83 
2.83 
2.84 
2.85 
2.86 
2.87 
2.88 
2.89 
2.90 
2.91 
2.91 
2.92 
2.93 
2.94 
2.95 
2.96 
2.97 
2.98 
2.99 
2.99 
3.00 
3.01 
3.02 
3.03 
3.04 
3.05 
3.06 
3.06 
3.07 
3.08 
3.09 
3.10 
3.11 
3.12 
3.13 
3.14 
-3.14 
-3.13 
-3.12 
-3.11 
-3.10 
-3.09 
-3.08 
-3.07 
-3.06 
-3.05 
-3.04 
-3.03 
-3.02 
-3.01 
-3.00 
-2.98 
-2.98 
-2.97 
-2.96 
-2.94 
-2.94 
-2.93 
-2.92 
-2.90 
-2.89 
-2.88 
-2.87 
-2.85 
-2.84 
-2.83 
-2.82 
-2.81 
-2.81 
-2.79 
-2.78 
-2.77 
-2.76 
-2.76 
-2.74 
-2.73 
-2.72 
-2.71 
-2.70 
-2.69 
-2.68 
-2.68 
-2.66 
-2.65 
-2.65 
-2.63 
-2.63 
-2.62 
-2.61 
-2.60 
-2.59 
-2.58 
-2.57 
-2.57 
-2.56 
-2.55 
-2.54 
-2.53 
1.51 
1.51 
1.52 
1.53 
1.54 
1.55 
1.56 
1.57 
1.58 
1.59 
1.59 
1.60 
1.62 
1.62 
1.63 
1.64 
1.65 
1.66 
1.67 
1.68 
1.69 
1.70 
1.71 
1.72 
1.73 
1.74 
1.74 
1.76 
1.77 
1.78 
1.79 
1.80 
1.81 
1.82 
1.83 
1.84 
1.85 
1.85 
1.87 
1.88 
1.89 
1.90 
1.91 
1.92 
1.93 
1.94 
1.96 
1.97 
1.98 
1.99 
2.00 
2.01 
2.02 
2.03 
2.05 
2.06 
2.07 
2.09 
2.09 
2.10 
2.11 
2.12 
2.14 
2.15 
2.16 
2.18 
2.18 
2.19 
2.20 
2.22 
2.23 
2.24 
2.25 
2.27 
2.28 
2.29 
2.29 
2.30 
2.31 
2.32 
2.33 
2.35 
2.36 
2.36 
2.38 
2.39 
2.40 
2.41 
2.42 
2.43 
2.44 
2.45 
2.46 
2.47 
2.48 
2.49 
2.50 
2.51 
2.52 
2.53 
2.54 
2.55 
2.56 
2.57 
2.58 
2.59 
2.60 
2.61 
2.62 
2.63 
2.63 
2.65 
2.65 
2.66 
2.67 
2.68 
2.69 
2.70 
2.71 
2.72 
2.73 
2.74 
2.75 
2.75 
2.76 
2.77 
2.78 
2.79 
2.80 
2.81 
2.82 
2.82 
2.83 
2.84 
2.85 
2.86 
2.87 
2.88 
2.89 
2.90 
2.90 
2.91 
2.92 
2.93 
2.94 
2.95 
2.96 
2.97 
2.97 
2.98 
2.99 
3.00 
3.01 
3.02 
3.03 
3.04 
3.04 
3.06 
3.06 
3.07 
3.08 
3.09 
3.10 
3.11 
3.12 
3.13 
3.14 
-3.14 
-3.13 
-3.12 
-3.11 
-3.09 
-3.09 
-3.08 
-3.07 
-3.05 
-3.05 
-3.04 
-3.03 
-3.01 
-3.00 
-2.99 
-2.99 
-2.97 
-2.96 
-2.95 
-2.94 
-2.92 
-2.92 
-2.91 
-2.90 
-2.88 
-2.87 
-2.86 
-2.85 
-2.84 
-2.83 
-2.83 
-2.82 
-2.81 
-2.79 
-2.78 
-2.77 
-2.76 
-2.76 
-2.74 
-2.73 
-2.72 
-2.72 
-2.70 
-2.70 
-2.69 
-2.68 
-2.66 
-2.66 
-2.65 
-2.63 
-2.63 
-2.62 
-2.61 
-2.60 
-2.59 
-2.58 
-2.58 
-2.57 
-2.56 
-2.55 
-2.54 
-2.54 
-2.53 
-2.52 
-2.52 
-2.51 
-2.50 
-2.50 
-2.49 
-2.48 
-2.47 
-2.46 
-2.45 
-2.44 
-2.43 
-2.42 
-2.41 
-2.40 
-2.39 
1.42 
1.41 
1.42 
1.43 
1.44 
1.45 
1.46 
1.47 
1.48 
1.49 
1.50 
1.51 
1.52 
1.53 
1.54 
1.54 
1.55 
1.56 
1.57 
1.58 
1.59 
1.60 
1.61 
1.62 
1.63 
1.64 
1.65 
1.66 
1.66 
1.67 
1.68 
1.69 
1.70 
1.71 
1.72 
1.73 
1.74 
1.76 
1.76 
1.77 
1.78 
1.80 
1.80 
1.81 
1.82 
1.84 
1.85 
1.86 
1.87 
1.88 
1.89 
1.90 
1.91 
1.92 
1.93 
1.94 
1.96 
1.97 
1.98 
1.98 
1.99 
1.99 
2.01 
2.02 
2.03 
2.05 
2.06 
2.07 
2.08 
2.10 
2.11 
2.12 
2.14 
2.15 
2.16 
2.17 
2.19 
2.19 
2.20 
2.21 
2.23 
2.24 
2.25 
2.26 
2.27 
2.28 
2.29 
2.30 
2.31 
2.32 
2.33 
2.34 
2.35 
2.36 
2.38 
2.38 
2.39 
2.40 
2.41 
2.42 
2.43 
2.44 
2.45 
2.46 
2.47 
2.49 
2.49 
2.50 
2.51 
2.53 
2.53 
2.54 
2.56 
2.56 
2.57 
2.58 
2.59 
2.60 
2.61 
2.62 
2.63 
2.64 
2.65 
2.66 
2.67 
2.68 
2.69 
2.70 
2.71 
2.72 
2.72 
2.73 
2.74 
2.75 
2.76 
2.77 
2.78 
2.79 
2.80 
2.81 
2.81 
2.82 
2.83 
2.84 
2.85 
2.86 
2.87 
2.88 
2.89 
2.89 
2.90 
2.91 
2.92 
2.93 
2.94 
2.95 
2.96 
2.97 
2.98 
2.98 
2.99 
3.00 
3.01 
3.02 
3.03 
3.04 
3.05 
3.06 
3.07 
3.08 
3.09 
3.10 
3.11 
3.11 
3.13 
3.14 
-3.14 
-3.13 
-3.12 
-3.11 
-3.09 
-3.09 
-3.08 
-3.07 
-3.05 
-3.04 
-3.04 
-3.02 
-3.01 
-3.00 
-2.99 
-2.97 
-2.97 
-2.96 
-2.95 
-2.93 
-2.92 
-2.91 
-2.89 
-2.88 
-2.87 
-2.85 
-2.84 
-2.83 
-2.81 
-2.80 
-2.79 
-2.77 
-2.76 
-2.75 
-2.75 
-2.73 
-2.72 
-2.71 
-2.71 
-2.69 
-2.69 
-2.68 
-2.66 
-2.66 
-2.65 
-2.64 
-2.62 
-2.61 
-2.61 
-2.60 
-2.59 
-2.57 
-2.57 
-2.56 
-2.54 
-2.53 
-2.53 
-2.52 
-2.52 
-2.51 
-2.50 
-2.49 
-2.49 
-2.48 
-2.47 
-2.46 
-2.45 
-2.45 
-2.44 
-2.43 
-2.42 
-2.41 
-2.40 
-2.47 
-2.47 
-2.46 
0.98 
0.98 
0.98 
0.98 
0.99 
0.98 
0.98 
0.99 
1.00 
1.01 
1.02 
1.03 
1.04 
1.05 
1.05 
1.06 
1.07 
1.08 
1.09 
1.10 
1.11 
1.12 
1.12 
1.13 
1.14 
1.15 
1.16 
1.17 
1.18 
1.19 
1.19 
1.20 
1.21 
1.22 
1.23 
1.24 
1.25 
1.26 
1.27 
1.28 
1.29 
1.30 
1.31 
1.32 
1.33 
1.34 
1.35 
1.35 
1.36 
1.37 
1.38 
1.39 
1.40 
1.41 
1.42 
1.43 
1.44 
1.45 
1.46 
1.47 
1.48 
1.49 
1.50 
1.51 
1.52 
1.53 
1.54 
1.55 
1.56 
1.57 
1.58 
1.59 
1.59 
1.60 
1.62 
1.62 
1.63 
1.64 
1.65 
1.66 
1.67 
1.68 
1.69 
1.70 
1.71 
1.72 
1.73 
1.74 
1.75 
1.76 
1.77 
1.78 
1.79 
1.80 
1.81 
1.82 
1.83 
1.85 
1.86 
1.87 
1.88 
1.89 
1.90 
1.91 
1.93 
1.94 
1.95 
1.97 
1.98 
1.99 
1.99 
2.01 
2.02 
2.03 
2.03 
2.05 
2.05 
2.06 
2.07 
2.09 
2.10 
2.11 
2.13 
2.14 
2.15 
2.17 
2.18 
2.19 
2.21 
2.21 
2.22 
2.23 
2.24 
2.25 
2.26 
2.28 
2.28 
2.29 
2.31 
2.31 
2.32 
2.33 
2.35 
2.36 
2.37 
2.38 
2.39 
2.40 
2.40 
2.41 
2.43 
2.44 
2.45 
2.46 
2.47 
2.48 
2.49 
2.50 
2.51 
2.52 
2.53 
2.54 
2.55 
2.56 
2.57 
2.58 
2.59 
2.61 
2.61 
2.62 
2.64 
2.65 
2.66 
2.67 
2.68 
2.69 
2.70 
2.71 
2.72 
2.73 
2.73 
2.74 
2.75 
2.76 
2.77 
2.78 
2.79 
2.80 
2.81 
2.82 
2.83 
2.84 
2.85 
2.86 
2.87 
2.88 
2.89 
2.90 
2.91 
2.91 
2.92 
2.93 
2.94 
2.95 
2.96 
2.97 
2.98 
2.99 
3.00 
3.01 
3.02 
3.03 
3.04 
3.05 
3.06 
3.07 
3.08 
3.09 
3.10 
3.11 
3.12 
3.13 
-3.14 
-3.13 
-3.12 
-3.11 
-3.09 
-3.09 
-3.08 
-3.06 
-3.05 
-3.04 
-3.02 
-3.01 
-3.00 
-2.99 
-2.98 
-2.97 
-2.95 
-2.94 
-2.93 
-2.91 
-2.90 
-2.88 
-2.88 
-2.87 
-2.85 
-2.84 
-2.82 
-2.81 
-2.80 
-2.80 
-2.79 
-2.78 
-2.77 
-2.76 
-2.75 
-2.74 
-2.73 
-2.72 
-2.71 
-2.70 
-2.68 
-2.67 
-2.66 
-2.65 
-2.64 
-2.62 
-2.61 
-2.60 
-2.59 
-2.58 
-2.57 
-2.56 
-2.55 
-2.54 
-2.53 
-2.52 
-2.51 
-2.51 
-2.50 
-2.49 
-2.48 
-2.47 
0.62 
0.62 
0.63 
0.64 
0.64 
0.65 
0.65 
0.66 
0.67 
0.68 
0.69 
0.71 
0.72 
0.73 
0.74 
0.75 
0.75 
0.76 
0.78 
0.78 
0.79 
0.80 
0.81 
0.83 
0.84 
0.84 
0.85 
0.86 
0.87 
0.88 
0.89 
0.90 
0.90 
0.91 
0.92 
0.93 
0.94 
0.95 
0.96 
0.96 
0.97 
0.98 
0.99 
1.00 
1.01 
1.02 
1.03 
1.04 
1.05 
1.05 
1.06 
1.07 
1.08 
1.09 
1.10 
1.11 
1.11 
1.12 
1.13 
1.14 
1.15 
1.16 
1.17 
1.18 
1.19 
1.20 
1.20 
1.21 
1.22 
1.23 
1.24 
1.25 
1.26 
1.27 
1.28 
1.29 
1.30 
1.31 
1.32 
1.33 
1.34 
1.35 
1.36 
1.37 
1.38 
1.39 
1.39 
1.41 
1.42 
1.42 
1.44 
1.45 
1.46 
1.46 
1.47 
1.49 
1.50 
1.51 
1.52 
1.53 
1.54 
1.55 
1.56 
1.57 
1.58 
1.59 
1.60 
1.61 
1.62 
1.63 
1.64 
1.65 
1.66 
1.67 
1.68 
1.69 
1.70 
1.71 
1.72 
1.73 
1.74 
1.75 
1.76 
1.77 
1.78 
1.79 
1.80 
1.81 
1.82 
1.84 
1.85 
1.85 
1.87 
1.88 
1.89 
1.91 
1.92 
1.93 
1.93 
1.95 
1.96 
1.97 
1.99 
2.00 
2.02 
2.03 
2.04 
2.04 
2.06 
2.06 
2.07 
2.09 
2.10 
2.12 
2.13 
2.14 
2.14 
2.16 
2.17 
2.18 
2.19 
2.20 
2.21 
2.22 
2.23 
2.24 
2.25 
2.26 
2.27 
2.29 
2.29 
2.30 
2.32 
2.33 
2.34 
2.35 
2.36 
2.37 
2.37 
2.38 
0.62 
0.50 
0.51 
0.51 
0.52 
0.53 
0.53 
0.54 
0.55 
0.56 
0.56 
0.57 
0.58 
0.58 
0.60 
0.61 
0.62 
0.63 
0.63 
0.64 
0.66 
0.67 
0.68 
0.69 
0.70 
0.71 
0.72 
0.73 
0.75 
0.75 
0.76 
0.77 
0.79 
0.79 
0.80 
0.81 
0.83 
0.83 
0.84 
0.85 
0.86 
0.87 
0.88 
0.89 
0.90 
0.91 
0.92 
0.93 
0.94 
0.95 
0.96 
0.97 
0.98 
0.99 
0.99 
1.00 
1.01 
1.02 
1.03 
1.04 
1.05 
1.06 
1.07 
1.08 
1.08 
1.09 
1.10 
1.11 
1.12 
1.13 
1.14 
1.15 
1.16 
1.17 
1.18 
1.18 
1.19 
1.20 
1.21 
1.22 
1.23 
1.24 
1.25 
1.26 
1.27 
1.28 
1.29 
1.30 
1.31 
1.32 
1.33 
1.34 
1.35 
1.36 
1.37 
1.38 
1.39 
1.40 
1.41 
1.42 
1.43 
1.44 
1.45 
1.47 
1.48 
1.49 
1.50 
1.51 
1.52 
1.53 
1.54 
1.55 
1.56 
1.57 
1.58 
1.59 
1.60 
1.61 
1.62 
1.64 
1.65 
1.66 
1.67 
1.68 
1.70 
1.71 
1.72 
1.73 
1.74 
1.76 
1.77 
1.79 
1.80 
1.81 
1.83 
1.84 
1.85 
1.85 
1.86 
1.87 
1.88 
1.89 
1.90 
1.90 
1.91 
1.92 
1.93 
1.93 
1.95 
1.96 
1.97 
1.98 
1.99 
2.01 
2.03 
2.03 
2.04 
2.06 
2.06 
2.06 
2.07 
2.08 
2.08 
2.08 
0.50 
0.47 
0.47 
0.48 
0.49 
0.49 
0.50 
0.51 
0.51 
0.52 
0.53 
0.53 
0.55 
0.55 
0.56 
0.57 
0.57 
0.58 
0.60 
0.61 
0.62 
0.63 
0.64 
0.65 
0.66 
0.68 
0.69 
0.70 
0.72 
0.73 
0.74 
0.75 
0.76 
0.77 
0.78 
0.79 
0.80 
0.81 
0.82 
0.83 
0.84 
0.85 
0.86 
0.87 
0.88 
0.89 
0.90 
0.90 
0.92 
0.93 
0.94 
0.95 
0.96 
0.97 
0.97 
0.98 
0.99 
1.00 
1.01 
1.02 
1.03 
1.04 
1.05 
1.06 
1.07 
1.08 
1.09 
1.10 
1.10 
1.11 
1.12 
1.13 
1.14 
1.15 
1.16 
1.17 
1.18 
1.19 
1.20 
1.21 
1.22 
1.23 
1.24 
1.25 
1.26 
1.27 
1.28 
1.29 
1.30 
1.31 
1.32 
1.33 
1.34 
1.35 
1.36 
1.37 
1.38 
1.40 
1.41 
1.42 
1.43 
1.44 
1.45 
1.46 
1.47 
1.49 
1.50 
1.51 
1.52 
1.53 
1.54 
1.56 
1.57 
1.58 
1.60 
1.61 
1.62 
1.63 
1.65 
1.66 
1.67 
1.68 
1.70 
1.71 
1.73 
1.74 
1.76 
1.77 
1.79 
1.81 
1.82 
1.83 
1.83 
1.85 
1.87 
1.87 
1.88 
1.89 
1.90 
1.90 
1.90 
0.47 
0.35 
0.36 
0.37 
0.38 
0.39 
0.39 
0.41 
0.42 
0.43 
0.44 
0.45 
0.46 
0.47 
0.48 
0.49 
0.50 
0.51 
0.52 
0.54 
0.55 
0.56 
0.58 
0.59 
0.60 
0.62 
0.63 
0.64 
0.65 
0.66 
0.67 
0.69 
0.69 
0.70 
0.72 
0.73 
0.74 
0.76 
0.76 
0.77 
0.79 
0.80 
0.81 
0.82 
0.83 
0.84 
0.85 
0.86 
0.87 
0.88 
0.89 
0.90 
0.91 
0.92 
0.93 
0.94 
0.95 
0.96 
0.97 
0.98 
0.99 
1.00 
1.01 
1.02 
1.03 
1.04 
1.04 
1.05 
1.06 
1.07 
1.08 
1.09 
1.11 
1.12 
1.13 
1.14 
1.15 
1.16 
1.17 
1.18 
1.19 
1.20 
1.21 
1.22 
1.23 
1.24 
1.25 
1.26 
1.27 
1.28 
1.29 
1.30 
1.31 
1.32 
1.33 
1.34 
1.36 
1.37 
1.38 
1.39 
1.40 
1.41 
1.42 
1.44 
1.45 
1.46 
1.47 
1.48 
1.50 
1.51 
1.52 
1.53 
1.54 
1.55 
1.57 
1.58 
1.60 
1.61 
1.62 
1.63 
1.65 
1.66 
1.68 
1.70 
1.71 
1.73 
1.74 
1.76 
1.76 
1.77 
1.79 
1.80 
1.82 
1.83 
1.84 
1.85 
1.86 
1.86 
1.86 
1.87 
1.88 
1.89 
0.35 
0.36 
0.36 
0.37 
0.37 
0.38 
0.38 
0.40 
0.40 
0.41 
0.43 
0.43 
0.44 
0.45 
0.45 
0.47 
0.47 
0.48 
0.49 
0.50 
0.51 
0.52 
0.54 
0.55 
0.56 
0.58 
0.58 
0.59 
0.60 
0.62 
0.63 
0.64 
0.65 
0.66 
0.67 
0.69 
0.70 
0.71 
0.72 
0.73 
0.74 
0.75 
0.76 
0.77 
0.78 
0.79 
0.80 
0.81 
0.81 
0.82 
0.83 
0.84 
0.85 
0.86 
0.87 
0.88 
0.89 
0.90 
0.91 
0.92 
0.93 
0.94 
0.95 
0.96 
0.97 
0.98 
0.99 
1.00 
1.01 
1.02 
1.03 
1.04 
1.05 
1.06 
1.07 
1.08 
1.09 
1.10 
1.11 
1.12 
1.13 
1.14 
1.15 
1.16 
1.17 
1.18 
1.19 
1.20 
1.21 
1.22 
1.23 
1.24 
1.25 
1.26 
1.27 
1.28 
1.29 
1.30 
1.31 
1.32 
1.33 
1.35 
1.36 
1.37 
1.38 
1.39 
1.40 
1.41 
1.43 
1.44 
1.45 
1.46 
1.47 
1.48 
1.50 
1.51 
1.52 
1.53 
1.55 
1.56 
1.57 
1.58 
1.60 
1.61 
1.63 
1.64 
1.66 
1.67 
1.69 
1.70 
1.72 
1.74 
1.75 
1.76 
1.77 
1.78 
1.80 
1.81 
1.81 
1.82 
1.83 
1.84 
1.85 
1.85 
1.86 
1.86 
1.87 
0.36 
0.35 
0.36 
0.36 
0.37 
0.38 
0.38 
0.39 
0.40 
0.40 
0.42 
0.43 
0.44 
0.44 
0.46 
0.46 
0.47 
0.48 
0.50 
0.51 
0.52 
0.53 
0.55 
0.56 
0.57 
0.59 
0.60 
0.61 
0.62 
0.63 
0.63 
0.64 
0.64 
0.65 
0.67 
0.68 
0.69 
0.70 
0.71 
0.72 
0.73 
0.74 
0.76 
0.77 
0.78 
0.78 
0.80 
0.81 
0.81 
0.83 
0.83 
0.84 
0.85 
0.86 
0.87 
0.88 
0.89 
0.90 
0.91 
0.92 
0.93 
0.94 
0.95 
0.96 
0.97 
0.97 
0.98 
0.99 
1.00 
1.01 
1.02 
1.03 
1.04 
1.05 
1.06 
1.07 
1.08 
1.09 
1.09 
1.10 
1.11 
1.12 
1.13 
1.14 
1.15 
1.16 
1.17 
1.18 
1.19 
1.20 
1.21 
1.22 
1.23 
1.24 
1.25 
1.26 
1.27 
1.28 
1.29 
1.30 
1.31 
1.32 
1.33 
1.34 
1.35 
1.37 
1.38 
1.39 
1.40 
1.41 
1.42 
1.43 
1.44 
1.45 
1.47 
1.48 
1.49 
1.50 
1.51 
1.52 
1.54 
1.55 
1.56 
1.57 
1.58 
1.60 
1.61 
1.62 
1.63 
1.65 
1.66 
1.68 
1.69 
1.70 
1.71 
1.72 
1.73 
1.75 
1.76 
1.78 
1.79 
1.81 
1.81 
1.82 
1.84 
1.85 
1.87 
1.89 
1.90 
1.91 
1.92 
1.93 
1.95 
1.97 
1.98 
1.98 
2.00 
2.01 
2.02 
2.04 
2.05 
2.07 
2.08 
2.09 
2.11 
2.13 
2.14 
2.16 
2.18 
2.19 
2.20 
2.21 
2.23 
2.24 
2.25 
2.27 
2.28 
2.28 
2.30 
2.32 
2.33 
2.34 
2.35 
2.37 
2.39 
2.40 
2.41 
2.43 
2.44 
2.45 
2.45 
2.46 
2.47 
2.48 
2.50 
2.51 
2.52 
2.53 
2.55 
2.56 
2.58 
2.59 
2.60 
2.62 
2.63 
2.63 
2.64 
2.65 
2.66 
2.67 
2.68 
2.69 
0.33 
0.34 
0.35 
0.36 
0.37 
0.38 
0.39 
0.41 
0.41 
0.42 
0.43 
0.43 
0.44 
0.45 
0.45 
0.46 
0.47 
0.48 
0.50 
0.50 
0.51 
0.51 
0.52 
0.53 
0.55 
0.56 
0.57 
0.58 
0.59 
0.60 
0.61 
0.61 
0.62 
0.63 
0.64 
0.65 
0.66 
0.67 
0.68 
0.69 
0.70 
0.71 
0.72 
0.72 
0.74 
0.75 
0.76 
0.77 
0.77 
0.79 
0.79 
0.80 
0.81 
0.83 
0.84 
0.85 
0.85 
0.87 
0.87 
0.88 
0.89 
0.90 
0.91 
0.92 
0.93 
0.94 
0.95 
0.95 
0.96 
0.97 
0.98 
0.99 
0.99 
1.00 
1.01 
1.02 
1.03 
1.04 
1.05 
1.06 
1.07 
1.07 
1.08 
1.09 
1.10 
1.11 
1.12 
1.13 
1.14 
1.15 
1.16 
1.17 
1.18 
1.18 
1.19 
1.20 
1.21 
1.22 
1.23 
1.24 
1.25 
1.26 
1.27 
1.28 
1.29 
1.30 
1.31 
1.32 
1.33 
1.34 
1.35 
1.36 
1.37 
1.38 
1.39 
1.40 
1.41 
1.42 
1.44 
1.45 
1.46 
1.47 
1.48 
1.49 
1.50 
1.51 
1.52 
1.54 
1.55 
1.56 
1.57 
1.58 
1.60 
1.61 
1.62 
1.63 
1.64 
1.64 
1.65 
1.66 
1.67 
1.68 
1.69 
1.71 
1.72 
1.74 
1.75 
1.77 
1.78 
1.79 
1.80 
1.82 
1.83 
1.85 
1.86 
1.88 
1.89 
1.90 
1.91 
1.93 
1.94 
1.96 
1.97 
1.99 
2.00 
2.01 
2.02 
2.03 
2.04 
2.05 
2.07 
2.09 
2.10 
2.12 
2.13 
2.15 
2.16 
2.18 
2.20 
2.21 
2.23 
2.24 
2.26 
2.27 
2.29 
2.30 
2.31 
2.32 
2.34 
2.35 
2.36 
2.36 
2.38 
2.39 
2.40 
2.41 
2.42 
2.44 
2.45 
2.47 
2.48 
2.49 
2.50 
2.51 
2.53 
2.54 
2.54 
2.56 
2.57 
2.58 
2.60 
2.61 
2.62 
2.63 
2.64 
2.65 
2.66 
2.67 
2.68 
2.69 
2.70 
2.71 
2.72 
2.73 
2.74 
2.75 
2.76 
2.77 
2.78 
2.79 
2.80 
2.81 
2.82 
2.83 
2.84 
2.85 
2.86 
2.87 
2.88 
2.89 
2.90 
2.91 
2.92 
2.93 
2.94 
2.95 
2.96 
2.97 
2.98 
2.99 
3.00 
3.01 
3.02 
3.03 
3.04 
3.05 
3.06 
3.07 
3.08 
3.09 
3.10 
3.11 
3.12 
3.13 
3.14 
-3.13 
-3.12 
-3.11 
-3.10 
-3.09 
-3.08 
-3.07 
-3.07 
-3.05 
-3.04 
-3.03 
-3.01 
-3.00 
-2.99 
-2.97 
-2.97 
-2.97 
-2.95 
-2.94 
-2.92 
-2.91 
-2.90 
-2.90 
-2.89 
-2.88 
-2.87 
-2.86 
-2.86 
-2.36 
-2.35 
-2.35 
-2.34 
0.32 
0.32 
0.33 
0.34 
0.34 
0.35 
0.36 
0.37 
0.38 
0.39 
0.39 
0.40 
0.41 
0.41 
0.42 
0.42 
0.43 
0.44 
0.45 
0.46 
0.47 
0.47 
0.49 
0.50 
0.51 
0.51 
0.52 
0.53 
0.54 
0.54 
0.56 
0.56 
0.57 
0.57 
0.58 
0.59 
0.60 
0.60 
0.61 
0.61 
0.62 
0.63 
0.64 
0.65 
0.66 
0.66 
0.68 
0.68 
0.69 
0.70 
0.71 
0.72 
0.73 
0.74 
0.75 
0.76 
0.77 
0.78 
0.79 
0.80 
0.81 
0.81 
0.83 
0.83 
0.84 
0.85 
0.86 
0.87 
0.88 
0.88 
0.90 
0.90 
0.91 
0.92 
0.93 
0.94 
0.94 
0.95 
0.96 
0.97 
0.98 
0.99 
0.99 
1.00 
1.01 
1.02 
1.03 
1.04 
1.05 
1.05 
1.06 
1.07 
1.08 
1.09 
1.10 
1.11 
1.12 
1.13 
1.13 
1.14 
1.15 
1.16 
1.17 
1.18 
1.19 
1.20 
1.21 
1.22 
1.23 
1.23 
1.24 
1.25 
1.26 
1.27 
1.28 
1.29 
1.30 
1.31 
1.32 
1.33 
1.34 
1.35 
1.36 
1.37 
1.38 
1.39 
1.40 
1.41 
1.42 
1.43 
1.44 
1.45 
1.46 
1.47 
1.48 
1.49 
1.50 
1.51 
1.52 
1.53 
1.54 
1.55 
1.57 
1.58 
1.59 
1.60 
1.61 
1.62 
1.64 
1.65 
1.66 
1.67 
1.68 
1.70 
1.71 
1.72 
1.74 
1.75 
1.76 
1.77 
1.78 
1.80 
1.81 
1.83 
1.84 
1.86 
1.87 
1.89 
1.90 
1.91 
1.92 
1.93 
1.95 
1.96 
1.98 
1.99 
2.01 
2.02 
2.04 
2.05 
2.07 
2.08 
2.08 
2.10 
2.11 
2.13 
2.14 
2.15 
2.16 
2.17 
2.18 
2.19 
2.20 
2.22 
2.23 
2.25 
2.26 
2.27 
2.29 
2.30 
2.32 
2.33 
2.34 
2.36 
2.37 
2.38 
2.40 
2.41 
2.42 
2.43 
2.44 
2.46 
2.47 
2.47 
2.48 
2.49 
2.50 
2.51 
2.52 
2.53 
2.54 
2.55 
2.57 
2.58 
2.59 
2.60 
2.61 
2.62 
2.63 
2.64 
2.65 
2.66 
2.67 
2.68 
2.69 
2.70 
2.71 
2.71 
2.72 
2.73 
2.74 
2.75 
2.76 
2.77 
2.78 
2.79 
2.80 
2.81 
2.81 
2.82 
2.83 
2.84 
2.85 
2.86 
2.87 
2.88 
2.89 
2.89 
2.90 
2.91 
2.92 
2.93 
2.94 
2.95 
2.96 
2.96 
2.97 
2.98 
2.99 
3.00 
3.01 
3.02 
3.03 
3.03 
3.04 
3.05 
3.06 
3.07 
3.08 
3.09 
3.10 
3.11 
3.12 
3.12 
3.13 
-3.14 
-3.13 
-3.12 
-3.11 
-3.10 
-3.09 
-3.09 
-3.08 
-3.07 
-3.05 
-3.04 
-3.03 
-3.02 
-3.02 
-3.00 
-3.00 
-3.00 
-2.98 
-2.97 
-2.96 
-2.95 
-2.93 
-2.92 
-2.91 
-2.90 
-2.88 
-2.87 
-2.86 
-2.85 
-2.85 
-2.83 
-2.83 
-2.82 
-2.81 
-2.79 
-2.78 
-2.77 
-2.77 
-2.75 
-2.74 
-2.73 
-2.71 
-2.70 
-2.69 
-2.69 
-2.67 
-2.66 
-2.65 
-2.64 
-2.63 
-2.62 
-2.62 
-2.60 
-2.59 
-2.58 
-2.57 
-2.56 
-2.56 
-2.55 
-2.54 
-2.53 
-2.51 
-2.50 
-2.49 
-2.49 
-2.48 
-2.47 
-2.46 
-2.45 
-2.44 
-2.43 
-2.42 
-2.41 
-2.40 
-2.39 
-2.38 
-2.37 
-2.36 
-2.36 
0.39 
0.40 
0.41 
0.41 
0.42 
0.43 
0.43 
0.44 
0.45 
0.46 
0.46 
0.46 
0.47 
0.47 
0.49 
0.50 
0.51 
0.52 
0.53 
0.54 
0.54 
0.55 
0.57 
0.58 
0.59 
0.59 
0.60 
0.61 
0.61 
0.62 
0.63 
0.64 
0.65 
0.66 
0.67 
0.67 
0.68 
0.69 
0.70 
0.71 
0.72 
0.73 
0.74 
0.75 
0.76 
0.77 
0.77 
0.78 
0.79 
0.80 
0.81 
0.82 
0.83 
0.83 
0.84 
0.85 
0.86 
0.87 
0.88 
0.89 
0.89 
0.90 
0.91 
0.92 
0.93 
0.94 
0.94 
0.95 
0.96 
0.97 
0.98 
0.98 
0.99 
1.00 
1.01 
1.02 
1.03 
1.04 
1.05 
1.05 
1.06 
1.07 
1.08 
1.09 
1.10 
1.10 
1.11 
1.12 
1.13 
1.14 
1.15 
1.16 
1.16 
1.17 
1.18 
1.19 
1.20 
1.21 
1.22 
1.23 
1.24 
1.25 
1.25 
1.26 
1.27 
1.28 
1.29 
1.30 
1.31 
1.32 
1.33 
1.34 
1.35 
1.35 
1.36 
1.37 
1.38 
1.39 
1.40 
1.41 
1.42 
1.43 
1.44 
1.45 
1.46 
1.47 
1.48 
1.49 
1.50 
1.51 
1.52 
1.54 
1.55 
1.56 
1.57 
1.58 
1.59 
1.60 
1.62 
1.63 
1.64 
1.65 
1.66 
1.67 
1.68 
1.69 
1.70 
1.71 
1.72 
1.74 
1.75 
1.76 
1.77 
1.77 
1.78 
1.79 
1.81 
1.82 
1.83 
1.85 
1.86 
1.88 
1.89 
1.91 
1.91 
1.92 
1.94 
1.94 
1.95 
1.97 
1.98 
2.00 
2.00 
2.01 
2.02 
2.04 
2.05 
2.06 
2.07 
2.08 
2.10 
2.11 
2.12 
2.13 
2.14 
2.15 
2.16 
2.16 
2.17 
2.18 
2.18 
2.19 
2.20 
2.22 
2.22 
2.23 
2.25 
2.25 
2.26 
2.27 
2.28 
2.30 
2.30 
2.31 
2.32 
2.34 
2.35 
2.36 
2.38 
2.39 
2.40 
2.41 
2.42 
2.43 
2.44 
2.45 
2.47 
2.48 
2.49 
2.50 
2.51 
2.52 
2.53 
2.54 
2.55 
2.56 
2.57 
2.58 
2.59 
2.60 
2.61 
2.62 
2.63 
2.64 
2.65 
2.66 
2.67 
2.68 
2.68 
2.69 
2.70 
2.71 
2.72 
2.73 
2.74 
2.75 
2.76 
2.76 
2.77 
2.78 
2.79 
2.80 
2.81 
2.82 
2.82 
2.83 
2.84 
2.85 
2.86 
2.87 
2.87 
2.88 
2.89 
2.90 
2.91 
2.92 
2.92 
2.93 
2.94 
2.95 
2.96 
2.97 
2.97 
2.98 
2.99 
3.00 
3.01 
3.02 
3.02 
3.03 
3.04 
3.05 
3.06 
3.07 
3.07 
3.08 
3.09 
3.10 
3.11 
3.12 
3.13 
3.14 
-3.14 
-3.13 
-3.12 
-3.11 
-3.10 
-3.09 
-3.08 
-3.07 
-3.06 
-3.05 
-3.04 
-3.03 
-3.02 
-3.01 
-3.00 
-2.98 
-2.97 
-2.96 
-2.95 
-2.94 
-2.93 
-2.91 
-2.90 
-2.89 
-2.88 
-2.86 
-2.85 
-2.84 
-2.83 
-2.81 
-2.80 
-2.79 
-2.78 
-2.78 
-2.76 
-2.75 
-2.74 
-2.73 
-2.73 
-2.71 
-2.70 
-2.69 
-2.68 
-2.67 
-2.66 
-2.65 
-2.65 
-2.63 
-2.62 
-2.61 
-2.60 
-2.59 
-2.58 
-2.58 
-2.57 
-2.56 
-2.55 
-2.54 
-2.53 
-2.52 
-2.51 
-2.50 
-2.49 
-2.48 
-2.47 
-2.46 
-2.45 
-2.44 
-2.43 
-2.42 
-2.42 
-2.41 
-2.40 
-2.39 
-2.38 
-2.38 
-2.37 
-2.36 
0.60 
0.61 
0.61 
0.62 
0.63 
0.63 
0.64 
0.65 
0.65 
0.66 
0.67 
0.68 
0.69 
0.70 
0.71 
0.72 
0.73 
0.74 
0.75 
0.76 
0.77 
0.78 
0.79 
0.80 
0.80 
0.81 
0.82 
0.83 
0.84 
0.85 
0.86 
0.86 
0.88 
0.88 
0.89 
0.90 
0.91 
0.92 
0.93 
0.93 
0.94 
0.95 
0.96 
0.97 
0.98 
0.99 
1.00 
1.00 
1.01 
1.02 
1.03 
1.04 
1.05 
1.05 
1.06 
1.07 
1.08 
1.09 
1.10 
1.11 
1.11 
1.12 
1.13 
1.14 
1.15 
1.16 
1.17 
1.18 
1.18 
1.19 
1.20 
1.21 
1.22 
1.23 
1.24 
1.25 
1.25 
1.26 
1.27 
1.28 
1.29 
1.30 
1.31 
1.32 
1.33 
1.34 
1.35 
1.36 
1.36 
1.37 
1.38 
1.39 
1.40 
1.41 
1.42 
1.43 
1.45 
1.45 
1.46 
1.48 
1.49 
1.50 
1.51 
1.52 
1.53 
1.54 
1.55 
1.56 
1.57 
1.58 
1.60 
1.61 
1.62 
1.63 
1.64 
1.65 
1.66 
1.67 
1.68 
1.69 
1.71 
1.72 
1.73 
1.75 
1.76 
1.77 
1.78 
1.78 
1.80 
1.81 
1.83 
1.84 
1.84 
1.86 
1.87 
1.88 
1.89 
1.90 
1.92 
1.93 
1.94 
1.94 
1.95 
1.96 
1.96 
1.97 
1.98 
1.99 
2.00 
2.01 
2.02 
2.04 
2.05 
2.05 
2.06 
2.07 
2.08 
2.09 
2.09 
2.11 
2.11 
2.12 
2.13 
2.15 
2.16 
2.17 
2.19 
2.20 
2.21 
2.23 
2.24 
2.25 
2.27 
2.28 
2.29 
2.29 
2.31 
2.32 
2.33 
2.35 
2.36 
2.37 
2.38 
2.39 
2.40 
2.41 
2.42 
2.44 
2.45 
2.46 
2.47 
2.48 
2.49 
2.51 
2.51 
2.52 
2.53 
2.54 
2.55 
2.56 
2.57 
2.58 
2.59 
2.60 
2.61 
2.62 
2.63 
2.64 
2.65 
2.66 
2.67 
2.68 
2.69 
2.70 
2.70 
2.71 
2.72 
2.73 
2.74 
2.75 
2.75 
2.76 
2.77 
2.78 
2.79 
2.80 
2.81 
2.81 
2.82 
2.83 
2.84 
2.85 
2.86 
2.86 
2.87 
2.88 
2.89 
2.90 
2.91 
2.91 
2.92 
2.93 
2.94 
2.95 
2.96 
2.96 
2.97 
2.98 
2.99 
3.00 
3.01 
3.01 
3.02 
3.03 
3.04 
3.05 
3.06 
3.06 
3.07 
3.08 
3.09 
3.10 
3.11 
3.12 
3.13 
3.14 
-3.14 
-3.13 
-3.12 
-3.11 
-3.10 
-3.09 
-3.08 
-3.08 
-3.06 
-3.05 
-3.04 
-3.03 
-3.02 
-3.01 
-3.00 
-2.99 
-2.98 
-2.97 
-2.96 
-2.95 
-2.93 
-2.92 
-2.92 
-2.91 
-2.91 
-2.90 
-2.89 
-2.87 
-2.86 
-2.85 
-2.84 
-2.83 
-2.83 
-2.81 
-2.80 
-2.79 
-2.78 
-2.76 
-2.76 
-2.75 
-2.74 
-2.73 
-2.72 
-2.71 
-2.70 
-2.69 
-2.68 
-2.67 
-2.66 
-2.65 
-2.64 
-2.63 
-2.62 
-2.61 
-2.60 
-2.59 
-2.58 
-2.57 
-2.56 
-2.55 
-2.54 
-2.53 
-2.52 
-2.51 
-2.50 
-2.49 
-2.49 
-2.48 
-2.47 
-2.46 
-2.45 
-2.44 
-2.43 
-2.42 
-2.41 
-2.41 
-2.40 
-2.39 
-2.38 
1.89 
1.90 
1.91 
1.92 
1.93 
1.93 
1.95 
1.96 
1.96 
1.98 
1.99 
2.00 
2.01 
2.02 
2.04 
2.04 
2.05 
2.07 
2.08 
2.09 
2.11 
2.12 
2.12 
2.14 
2.15 
2.16 
2.18 
2.19 
2.21 
2.21 
2.22 
2.23 
2.24 
2.26 
2.27 
2.28 
2.30 
2.31 
2.32 
2.34 
2.35 
2.36 
2.37 
2.39 
2.40 
2.41 
2.42 
2.44 
2.44 
2.45 
2.46 
2.48 
2.49 
2.50 
2.51 
2.52 
2.53 
2.54 
2.55 
2.56 
2.57 
2.58 
2.59 
2.60 
2.61 
2.62 
2.63 
2.64 
2.65 
2.65 
2.66 
2.67 
2.68 
2.69 
2.70 
2.71 
2.72 
2.73 
2.74 
2.74 
2.75 
2.76 
2.77 
2.78 
2.79 
2.80 
2.81 
2.81 
2.82 
2.83 
2.84 
2.85 
2.86 
2.86 
2.87 
2.88 
2.89 
2.90 
2.91 
2.91 
2.92 
2.93 
2.94 
2.95 
2.96 
2.96 
2.97 
2.98 
2.99 
3.00 
3.01 
3.02 
3.02 
3.03 
3.04 
3.05 
3.06 
3.07 
3.08 
3.08 
3.10 
3.11 
3.12 
3.12 
3.13 
-3.14 
-3.13 
-3.12 
-3.11 
-3.10 
-3.09 
-3.08 
-3.07 
-3.06 
-3.05 
-3.04 
-3.03 
-3.02 
-3.01 
-2.99 
-2.98 
-2.97 
-2.96 
-2.95 
-2.94 
-2.93 
-2.92 
-2.91 
-2.89 
-2.88 
-2.87 
-2.86 
-2.85 
-2.85 
-2.84 
-2.83 
-2.82 
-2.81 
-2.81 
-2.79 
-2.78 
-2.77 
-2.75 
-2.75 
-2.74 
-2.73 
-2.72 
-2.70 
-2.70 
-2.69 
-2.68 
-2.66 
-2.66 
-2.65 
-2.63 
-2.63 
-2.62 
-2.61 
-2.60 
-2.59 
-2.58 
-2.57 
-2.56 
-2.55 
-2.55 
-2.54 
-2.53 
-2.52 
-2.51 
2.39 
2.40 
2.41 
2.42 
2.43 
2.43 
2.44 
2.46 
2.46 
2.47 
2.49 
2.50 
2.51 
2.52 
2.53 
2.54 
2.55 
2.56 
2.57 
2.58 
2.59 
2.60 
2.61 
2.62 
2.63 
2.64 
2.65 
2.66 
2.67 
2.68 
2.69 
2.69 
2.70 
2.71 
2.72 
2.73 
2.74 
2.75 
2.76 
2.77 
2.78 
2.78 
2.79 
2.80 
2.81 
2.82 
2.83 
2.84 
2.85 
2.86 
2.86 
2.87 
2.88 
2.89 
2.90 
2.91 
2.92 
2.93 
2.93 
2.94 
2.95 
2.96 
2.97 
2.98 
2.99 
3.00 
3.00 
3.01 
3.02 
3.03 
3.04 
3.05 
3.06 
3.07 
3.08 
3.09 
3.10 
3.11 
3.12 
3.12 
3.14 
-3.14 
-3.13 
-3.12 
-3.11 
-3.10 
-3.09 
-3.08 
-3.07 
-3.06 
-3.05 
-3.05 
-3.05 
-3.04 
-3.04 
