94.75 81.21 28.42 
94.96 81.00 28.42 
95.18 80.78 28.42 
95.39 80.57 28.42 
95.61 80.78 28.42 
95.82 81.00 28.42 
96.25 81.00 28.42 
96.46 81.21 28.42 
96.68 81.43 28.42 
97.11 81.43 28.42 
97.32 81.64 28.42 
97.54 81.86 28.42 
97.75 82.07 28.42 
97.97 82.29 28.42 
98.40 82.29 28.42 
98.61 82.50 28.42 
98.83 82.71 28.42 
99.26 82.71 28.42 
99.47 82.93 28.42 
99.69 83.14 28.42 
99.90 83.36 28.42 
100.12 83.57 28.42 
100.33 83.79 28.42 
100.55 84.00 28.42 
100.76 84.22 28.42 
100.76 84.65 28.42 
100.98 84.86 28.42 
101.19 85.08 28.42 
101.41 85.29 28.42 
101.62 85.51 28.42 
101.84 85.72 28.42 
102.05 85.94 28.42 
102.27 86.15 28.42 
102.48 86.37 28.42 
102.48 86.80 28.42 
102.70 87.01 28.42 
103.13 87.01 28.42 
103.34 87.23 28.42 
103.55 87.44 28.42 
103.77 87.66 28.42 
103.77 88.09 28.42 
103.98 88.30 28.42 
104.20 88.52 28.42 
104.20 88.95 28.42 
104.41 89.16 28.42 
104.63 89.38 28.42 
104.63 89.80 28.42 
104.84 90.02 28.42 
105.06 90.23 28.42 
105.06 90.66 28.42 
105.06 91.09 28.42 
105.27 91.31 28.42 
105.49 91.52 28.42 
105.49 91.95 28.42 
105.70 92.17 28.42 
105.92 92.38 28.42 
105.92 92.81 28.42 
105.92 93.24 28.42 
106.13 93.46 28.42 
106.35 93.67 28.42 
106.35 94.10 28.42 
106.13 94.32 28.42 
105.92 94.53 28.42 
104.84 110.64 32.48 
104.63 110.43 32.48 
104.41 110.21 32.48 
80.14 77.34 32.48 
80.14 76.91 32.48 
80.35 76.70 32.48 
80.57 76.48 32.48 
80.78 76.27 32.48 
81.21 76.27 32.48 
81.43 76.05 32.48 
81.64 75.84 32.48 
82.07 75.84 32.48 
82.50 75.84 32.48 
82.93 75.84 32.48 
83.36 75.84 32.48 
83.79 75.84 32.48 
84.22 75.84 32.48 
84.43 76.05 32.48 
84.65 76.27 32.48 
85.08 76.27 32.48 
85.51 76.27 32.48 
85.94 76.27 32.48 
86.37 76.27 32.48 
86.80 76.27 32.48 
87.23 76.27 32.48 
87.44 76.48 32.48 
87.66 76.70 32.48 
88.09 76.70 32.48 
88.52 76.70 32.48 
88.95 76.70 32.48 
89.16 76.91 32.48 
89.38 77.13 32.48 
89.80 77.13 32.48 
90.23 77.13 32.48 
90.66 77.13 32.48 
90.88 77.34 32.48 
91.09 77.56 32.48 
91.52 77.56 32.48 
91.74 77.77 32.48 
91.95 77.99 32.48 
92.38 77.99 32.48 
92.81 77.99 32.48 
93.03 78.20 32.48 
93.24 78.42 32.48 
93.67 78.42 32.48 
93.89 78.63 32.48 
94.10 78.85 32.48 
94.53 78.85 32.48 
94.96 78.85 32.48 
95.18 79.06 32.48 
95.39 79.28 32.48 
95.82 79.28 32.48 
96.04 79.49 32.48 
96.25 79.71 32.48 
96.68 79.71 32.48 
96.89 79.92 32.48 
97.11 80.14 32.48 
97.32 80.35 32.48 
97.54 80.57 32.48 
97.97 80.57 32.48 
98.40 80.57 32.48 
98.61 80.78 32.48 
98.83 81.00 32.48 
99.04 81.21 32.48 
99.26 81.43 32.48 
99.47 81.64 32.48 
99.69 81.86 32.48 
100.12 81.86 32.48 
100.33 82.07 32.48 
100.33 82.50 32.48 
100.55 82.71 32.48 
100.98 82.71 32.48 
101.19 82.93 32.48 
101.41 83.14 32.48 
101.62 83.36 32.48 
101.84 83.57 32.48 
102.05 83.79 32.48 
102.27 84.00 32.48 
102.48 84.22 32.48 
102.70 84.43 32.48 
102.91 84.65 32.48 
103.13 84.86 32.48 
103.34 85.08 32.48 
103.55 85.29 32.48 
103.77 85.51 32.48 
103.98 85.72 32.48 
104.20 85.94 32.48 
104.41 86.15 32.48 
104.63 86.37 32.48 
104.84 86.58 32.48 
105.06 86.80 32.48 
105.06 87.23 32.48 
105.27 87.44 32.48 
105.49 87.66 32.48 
105.49 88.09 32.48 
105.70 88.30 32.48 
105.92 88.52 32.48 
106.13 88.73 32.48 
106.35 88.95 32.48 
106.35 89.38 32.48 
106.56 89.59 32.48 
106.78 89.80 32.48 
106.78 90.23 32.48 
106.99 90.45 32.48 
107.21 90.66 32.48 
107.21 91.09 32.48 
107.21 91.52 32.48 
107.42 91.74 32.48 
107.64 91.95 32.48 
107.64 92.38 32.48 
107.85 92.60 32.48 
108.07 92.81 32.48 
108.07 93.24 32.48 
108.07 93.67 32.48 
108.28 93.89 32.48 
108.50 94.10 32.48 
108.50 94.53 32.48 
108.50 94.96 32.48 
108.50 95.39 32.48 
108.71 95.61 32.48 
108.93 95.82 32.48 
108.93 96.25 32.48 
108.93 96.68 32.48 
109.14 96.89 32.48 
109.36 97.11 32.48 
109.36 97.54 32.48 
109.36 97.97 32.48 
109.36 98.40 32.48 
109.36 98.83 32.48 
109.36 99.26 32.48 
109.36 99.69 32.48 
109.36 100.12 32.48 
109.57 100.33 32.48 
109.79 100.55 32.48 
109.79 100.98 32.48 
109.79 101.41 32.48 
109.57 101.62 32.48 
109.36 101.84 32.48 
109.36 102.27 32.48 
109.36 102.70 32.48 
109.36 103.13 32.48 
109.36 103.55 32.48 
109.36 103.98 32.48 
109.14 104.20 32.48 
108.93 104.41 32.48 
108.93 104.84 32.48 
108.93 105.27 32.48 
108.71 105.49 32.48 
108.50 105.70 32.48 
108.50 106.13 32.48 
108.28 106.35 32.48 
108.07 106.56 32.48 
107.85 106.78 32.48 
107.64 106.99 32.48 
107.42 107.21 32.48 
107.21 107.42 32.48 
107.21 107.85 32.48 
106.99 108.07 32.48 
106.78 108.28 32.48 
106.78 108.71 32.48 
106.56 108.93 32.48 
106.35 109.14 32.48 
106.13 109.36 32.48 
105.92 109.57 32.48 
105.70 109.79 32.48 
105.49 110.00 32.48 
105.27 110.21 32.48 
105.06 110.43 32.48 
104.84 110.64 32.48 
106.13 110.64 36.54 
105.70 110.64 36.54 
105.27 110.64 36.54 
104.84 110.64 36.54 
66.39 79.06 36.54 
66.39 78.63 36.54 
66.39 78.20 36.54 
66.60 77.99 36.54 
67.03 77.99 36.54 
67.25 77.77 36.54 
67.46 77.56 36.54 
67.89 77.56 36.54 
68.11 77.34 36.54 
68.32 77.13 36.54 
68.75 77.13 36.54 
68.96 76.91 36.54 
69.18 76.70 36.54 
69.39 76.48 36.54 
69.61 76.27 36.54 
70.04 76.27 36.54 
70.47 76.27 36.54 
70.68 76.05 36.54 
70.90 75.84 36.54 
71.33 75.84 36.54 
71.54 75.63 36.54 
71.76 75.41 36.54 
72.19 75.41 36.54 
72.62 75.41 36.54 
72.83 75.20 36.54 
73.05 74.98 36.54 
73.48 74.98 36.54 
73.91 74.98 36.54 
74.34 74.98 36.54 
74.77 74.98 36.54 
75.20 74.98 36.54 
75.41 74.77 36.54 
75.63 74.55 36.54 
76.05 74.55 36.54 
76.48 74.55 36.54 
76.91 74.55 36.54 
77.34 74.55 36.54 
77.77 74.55 36.54 
78.20 74.55 36.54 
78.63 74.55 36.54 
79.06 74.55 36.54 
79.49 74.55 36.54 
79.92 74.55 36.54 
80.35 74.55 36.54 
80.78 74.55 36.54 
81.00 74.77 36.54 
81.21 74.98 36.54 
81.64 74.98 36.54 
82.07 74.98 36.54 
82.50 74.98 36.54 
82.93 74.98 36.54 
83.36 74.98 36.54 
83.79 74.98 36.54 
84.22 74.98 36.54 
84.65 74.98 36.54 
85.08 74.98 36.54 
85.29 75.20 36.54 
85.51 75.41 36.54 
85.94 75.41 36.54 
86.37 75.41 36.54 
86.80 75.41 36.54 
87.23 75.41 36.54 
87.66 75.41 36.54 
87.87 75.63 36.54 
88.09 75.84 36.54 
88.52 75.84 36.54 
88.95 75.84 36.54 
89.16 76.05 36.54 
89.38 76.27 36.54 
89.80 76.27 36.54 
90.23 76.27 36.54 
90.66 76.27 36.54 
90.88 76.48 36.54 
91.09 76.70 36.54 
91.52 76.70 36.54 
91.95 76.70 36.54 
92.17 76.91 36.54 
92.38 77.13 36.54 
92.81 77.13 36.54 
93.03 77.34 36.54 
93.24 77.56 36.54 
93.67 77.56 36.54 
94.10 77.56 36.54 
94.32 77.77 36.54 
94.53 77.99 36.54 
94.96 77.99 36.54 
95.18 78.20 36.54 
95.39 78.42 36.54 
95.82 78.42 36.54 
96.04 78.63 36.54 
96.25 78.85 36.54 
96.68 78.85 36.54 
96.89 79.06 36.54 
97.11 79.28 36.54 
97.54 79.28 36.54 
97.75 79.49 36.54 
97.97 79.71 36.54 
98.18 79.92 36.54 
98.40 80.14 36.54 
98.83 80.14 36.54 
99.04 80.35 36.54 
99.26 80.57 36.54 
99.47 80.78 36.54 
99.69 81.00 36.54 
100.12 81.00 36.54 
100.33 81.21 36.54 
100.55 81.43 36.54 
100.76 81.64 36.54 
100.98 81.86 36.54 
101.19 82.07 36.54 
101.41 82.29 36.54 
101.84 82.29 36.54 
102.05 82.50 36.54 
102.27 82.71 36.54 
102.48 82.93 36.54 
102.70 83.14 36.54 
102.91 83.36 36.54 
103.13 83.57 36.54 
103.34 83.79 36.54 
103.34 84.22 36.54 
103.55 84.43 36.54 
103.77 84.65 36.54 
103.98 84.86 36.54 
104.20 85.08 36.54 
104.41 85.29 36.54 
104.63 85.51 36.54 
104.63 85.94 36.54 
104.84 86.15 36.54 
105.06 86.37 36.54 
105.27 86.58 36.54 
105.49 86.80 36.54 
105.70 87.01 36.54 
105.92 87.23 36.54 
105.92 87.66 36.54 
106.13 87.87 36.54 
106.35 88.09 36.54 
106.56 88.30 36.54 
106.78 88.52 36.54 
106.99 88.73 36.54 
107.21 88.95 36.54 
107.21 89.38 36.54 
107.42 89.59 36.54 
107.64 89.80 36.54 
107.64 90.23 36.54 
107.85 90.45 36.54 
108.07 90.66 36.54 
108.07 91.09 36.54 
108.28 91.31 36.54 
108.50 91.52 36.54 
108.50 91.95 36.54 
108.71 92.17 36.54 
108.93 92.38 36.54 
108.93 92.81 36.54 
109.14 93.03 36.54 
109.36 93.24 36.54 
109.36 93.67 36.54 
109.36 94.10 36.54 
109.36 94.53 36.54 
109.57 94.75 36.54 
109.79 94.96 36.54 
109.79 95.39 36.54 
109.79 95.82 36.54 
109.79 96.25 36.54 
110.00 96.46 36.54 
110.21 96.68 36.54 
110.21 97.11 36.54 
110.21 97.54 36.54 
110.43 97.75 36.54 
110.64 97.97 36.54 
110.64 98.40 36.54 
110.64 98.83 36.54 
110.64 99.26 36.54 
110.64 99.69 36.54 
110.64 100.12 36.54 
110.64 100.55 36.54 
110.64 100.98 36.54 
110.64 101.41 36.54 
110.64 101.84 36.54 
110.43 102.05 36.54 
110.21 102.27 36.54 
110.21 102.70 36.54 
110.21 103.13 36.54 
110.21 103.55 36.54 
110.00 103.77 36.54 
109.79 103.98 36.54 
109.79 104.41 36.54 
109.79 104.84 36.54 
109.79 105.27 36.54 
109.57 105.49 36.54 
109.36 105.70 36.54 
109.36 106.13 36.54 
109.14 106.35 36.54 
108.93 106.56 36.54 
108.93 106.99 36.54 
108.71 107.21 36.54 
108.50 107.42 36.54 
108.50 107.85 36.54 
108.28 108.07 36.54 
108.07 108.28 36.54 
108.07 108.71 36.54 
107.85 108.93 36.54 
107.64 109.14 36.54 
107.42 109.36 36.54 
107.21 109.57 36.54 
106.99 109.79 36.54 
106.78 110.00 36.54 
106.56 110.21 36.54 
106.35 110.43 36.54 
106.13 110.64 36.54 
61.66 81.21 40.60 
61.66 80.78 40.60 
61.66 80.35 40.60 
61.88 80.14 40.60 
62.09 79.92 40.60 
62.09 79.49 40.60 
62.30 79.28 40.60 
62.73 79.28 40.60 
62.95 79.06 40.60 
63.16 78.85 40.60 
63.38 78.63 40.60 
63.59 78.42 40.60 
64.02 78.42 40.60 
64.24 78.20 40.60 
64.45 77.99 40.60 
64.67 77.77 40.60 
64.88 77.56 40.60 
65.10 77.34 40.60 
65.31 77.13 40.60 
65.74 77.13 40.60 
65.96 76.91 40.60 
66.17 76.70 40.60 
66.60 76.70 40.60 
66.82 76.48 40.60 
67.03 76.27 40.60 
67.25 76.05 40.60 
67.46 75.84 40.60 
67.89 75.84 40.60 
68.32 75.84 40.60 
68.75 75.84 40.60 
68.96 75.63 40.60 
69.18 75.41 40.60 
69.61 75.41 40.60 
70.04 75.41 40.60 
70.25 75.20 40.60 
70.47 74.98 40.60 
70.68 74.77 40.60 
70.90 74.55 40.60 
71.33 74.55 40.60 
71.76 74.55 40.60 
72.19 74.55 40.60 
72.40 74.34 40.60 
72.62 74.12 40.60 
73.05 74.12 40.60 
73.48 74.12 40.60 
73.91 74.12 40.60 
74.34 74.12 40.60 
74.77 74.12 40.60 
75.20 74.12 40.60 
75.41 73.91 40.60 
75.63 73.69 40.60 
76.05 73.69 40.60 
76.48 73.69 40.60 
76.91 73.69 40.60 
77.34 73.69 40.60 
77.77 73.69 40.60 
78.20 73.69 40.60 
78.63 73.69 40.60 
78.85 73.91 40.60 
79.06 74.12 40.60 
79.49 74.12 40.60 
79.92 74.12 40.60 
80.35 74.12 40.60 
80.78 74.12 40.60 
81.21 74.12 40.60 
81.64 74.12 40.60 
81.86 74.34 40.60 
82.07 74.55 40.60 
82.50 74.55 40.60 
82.93 74.55 40.60 
83.36 74.55 40.60 
83.79 74.55 40.60 
84.22 74.55 40.60 
84.65 74.55 40.60 
85.08 74.55 40.60 
85.29 74.77 40.60 
85.51 74.98 40.60 
85.72 75.20 40.60 
85.94 75.41 40.60 
86.37 75.41 40.60 
86.80 75.41 40.60 
87.23 75.41 40.60 
87.44 75.63 40.60 
87.66 75.84 40.60 
88.09 75.84 40.60 
88.52 75.84 40.60 
88.95 75.84 40.60 
89.38 75.84 40.60 
89.59 76.05 40.60 
89.80 76.27 40.60 
90.23 76.27 40.60 
90.66 76.27 40.60 
91.09 76.27 40.60 
91.31 76.48 40.60 
91.52 76.70 40.60 
91.95 76.70 40.60 
92.17 76.91 40.60 
92.38 77.13 40.60 
92.81 77.13 40.60 
93.24 77.13 40.60 
93.46 77.34 40.60 
93.67 77.56 40.60 
94.10 77.56 40.60 
94.32 77.77 40.60 
94.53 77.99 40.60 
94.96 77.99 40.60 
95.18 78.20 40.60 
95.39 78.42 40.60 
95.82 78.42 40.60 
96.04 78.63 40.60 
96.25 78.85 40.60 
96.68 78.85 40.60 
96.89 79.06 40.60 
97.11 79.28 40.60 
97.54 79.28 40.60 
97.75 79.49 40.60 
97.97 79.71 40.60 
98.40 79.71 40.60 
98.61 79.92 40.60 
98.83 80.14 40.60 
99.04 80.35 40.60 
99.26 80.57 40.60 
99.69 80.57 40.60 
99.90 80.78 40.60 
100.12 81.00 40.60 
100.33 81.21 40.60 
100.55 81.43 40.60 
100.76 81.64 40.60 
100.98 81.86 40.60 
101.19 82.07 40.60 
101.41 82.29 40.60 
101.62 82.50 40.60 
101.84 82.71 40.60 
102.05 82.93 40.60 
102.27 83.14 40.60 
102.70 83.14 40.60 
102.91 83.36 40.60 
102.91 83.79 40.60 
103.13 84.00 40.60 
103.34 84.22 40.60 
103.55 84.43 40.60 
103.77 84.65 40.60 
103.98 84.86 40.60 
104.20 85.08 40.60 
104.41 85.29 40.60 
104.63 85.51 40.60 
104.84 85.72 40.60 
105.06 85.94 40.60 
105.27 86.15 40.60 
105.49 86.37 40.60 
105.70 86.58 40.60 
105.92 86.80 40.60 
106.13 87.01 40.60 
106.35 87.23 40.60 
106.35 87.66 40.60 
106.56 87.87 40.60 
106.78 88.09 40.60 
106.78 88.52 40.60 
106.99 88.73 40.60 
107.21 88.95 40.60 
107.21 89.38 40.60 
107.21 89.80 40.60 
107.42 90.02 40.60 
107.64 90.23 40.60 
107.85 90.45 40.60 
108.07 90.66 40.60 
108.07 91.09 40.60 
108.28 91.31 40.60 
108.50 91.52 40.60 
108.50 91.95 40.60 
108.50 92.38 40.60 
108.50 92.81 40.60 
108.71 93.03 40.60 
108.93 93.24 40.60 
108.93 93.67 40.60 
108.93 94.10 40.60 
109.14 94.32 40.60 
109.36 94.53 40.60 
109.36 94.96 40.60 
109.36 95.39 40.60 
109.36 95.82 40.60 
109.57 96.04 40.60 
109.79 96.25 40.60 
109.79 96.68 40.60 
109.79 97.11 40.60 
109.79 97.54 40.60 
109.79 97.97 40.60 
109.79 98.40 40.60 
110.00 98.61 40.60 
110.21 98.83 40.60 
110.21 99.26 40.60 
110.21 99.69 40.60 
110.21 100.12 40.60 
110.21 100.55 40.60 
110.21 100.98 40.60 
110.43 101.19 40.60 
110.64 101.41 40.60 
110.43 101.62 40.60 
110.21 101.84 40.60 
110.21 102.27 40.60 
110.21 102.70 40.60 
110.21 103.13 40.60 
110.21 103.55 40.60 
110.00 103.77 40.60 
109.79 103.98 40.60 
109.79 104.41 40.60 
109.79 104.84 40.60 
109.57 105.06 40.60 
109.36 105.27 40.60 
109.36 105.70 40.60 
109.14 105.92 40.60 
108.93 106.13 40.60 
108.93 106.56 40.60 
108.93 106.99 40.60 
108.71 107.21 40.60 
108.50 107.42 40.60 
108.50 107.85 40.60 
108.28 108.07 40.60 
108.07 108.28 40.60 
108.07 108.71 40.60 
107.85 108.93 40.60 
107.64 109.14 40.60 
107.42 109.36 40.60 
107.21 109.57 40.60 
106.99 109.79 40.60 
106.78 110.00 40.60 
106.56 110.21 40.60 
106.35 110.43 40.60 
106.13 110.64 40.60 
105.92 110.86 40.60 
105.70 111.07 40.60 
105.27 111.07 40.60 
105.06 111.29 40.60 
104.84 111.50 40.60 
104.41 111.50 40.60 
104.20 111.72 40.60 
103.98 111.93 40.60 
103.77 112.15 40.60 
103.55 112.36 40.60 
103.34 112.58 40.60 
103.13 112.79 40.60 
102.91 113.01 40.60 
102.70 113.22 40.60 
102.48 113.44 40.60 
102.27 113.65 40.60 
102.05 113.87 40.60 
59.30 82.71 44.66 
59.08 82.50 44.66 
59.30 82.29 44.66 
59.51 82.07 44.66 
59.73 81.86 44.66 
59.94 81.64 44.66 
59.94 81.21 44.66 
60.16 81.00 44.66 
60.37 80.78 44.66 
60.59 80.57 44.66 
60.80 80.35 44.66 
61.02 80.14 44.66 
61.23 79.92 44.66 
61.45 79.71 44.66 
61.66 79.49 44.66 
61.88 79.28 44.66 
62.09 79.06 44.66 
62.30 78.85 44.66 
62.52 78.63 44.66 
62.73 78.42 44.66 
62.95 78.20 44.66 
63.16 77.99 44.66 
63.38 77.77 44.66 
63.59 77.56 44.66 
64.02 77.56 44.66 
64.45 77.56 44.66 
64.67 77.34 44.66 
64.88 77.13 44.66 
65.10 76.91 44.66 
65.31 76.70 44.66 
65.53 76.48 44.66 
65.74 76.27 44.66 
66.17 76.27 44.66 
66.39 76.05 44.66 
66.60 75.84 44.66 
67.03 75.84 44.66 
67.46 75.84 44.66 
67.89 75.84 44.66 
68.11 75.63 44.66 
68.32 75.41 44.66 
68.75 75.41 44.66 
69.18 75.41 44.66 
69.39 75.20 44.66 
69.61 74.98 44.66 
70.04 74.98 44.66 
70.47 74.98 44.66 
70.90 74.98 44.66 
71.11 74.77 44.66 
71.33 74.55 44.66 
71.76 74.55 44.66 
72.19 74.55 44.66 
72.40 74.34 44.66 
72.62 74.12 44.66 
73.05 74.12 44.66 
73.48 74.12 44.66 
73.91 74.12 44.66 
74.34 74.12 44.66 
74.77 74.12 44.66 
74.98 73.91 44.66 
75.20 73.69 44.66 
75.41 73.91 44.66 
75.63 74.12 44.66 
76.05 74.12 44.66 
76.48 74.12 44.66 
76.91 74.12 44.66 
77.34 74.12 44.66 
77.77 74.12 44.66 
78.20 74.12 44.66 
78.63 74.12 44.66 
79.06 74.12 44.66 
79.49 74.12 44.66 
79.92 74.12 44.66 
80.35 74.12 44.66 
80.78 74.12 44.66 
81.21 74.12 44.66 
81.64 74.12 44.66 
82.07 74.12 44.66 
82.29 74.34 44.66 
82.50 74.55 44.66 
82.93 74.55 44.66 
83.36 74.55 44.66 
83.79 74.55 44.66 
84.00 74.77 44.66 
84.22 74.98 44.66 
84.65 74.98 44.66 
85.08 74.98 44.66 
85.29 75.20 44.66 
85.51 75.41 44.66 
85.94 75.41 44.66 
86.37 75.41 44.66 
86.58 75.63 44.66 
86.80 75.84 44.66 
87.23 75.84 44.66 
87.66 75.84 44.66 
88.09 75.84 44.66 
88.30 76.05 44.66 
88.52 76.27 44.66 
88.95 76.27 44.66 
89.16 76.48 44.66 
89.38 76.70 44.66 
89.80 76.70 44.66 
90.02 76.91 44.66 
90.23 77.13 44.66 
90.66 77.13 44.66 
91.09 77.13 44.66 
91.52 77.13 44.66 
91.74 77.34 44.66 
91.95 77.56 44.66 
92.38 77.56 44.66 
92.81 77.56 44.66 
93.03 77.77 44.66 
93.24 77.99 44.66 
93.67 77.99 44.66 
93.89 78.20 44.66 
94.10 78.42 44.66 
94.53 78.42 44.66 
94.75 78.63 44.66 
94.96 78.85 44.66 
95.39 78.85 44.66 
95.61 79.06 44.66 
95.82 79.28 44.66 
96.25 79.28 44.66 
96.46 79.49 44.66 
96.68 79.71 44.66 
97.11 79.71 44.66 
97.32 79.92 44.66 
97.54 80.14 44.66 
97.97 80.14 44.66 
98.18 80.35 44.66 
98.40 80.57 44.66 
98.61 80.78 44.66 
98.83 81.00 44.66 
99.04 81.21 44.66 
99.26 81.43 44.66 
99.69 81.43 44.66 
99.90 81.64 44.66 
100.12 81.86 44.66 
100.33 82.07 44.66 
100.55 82.29 44.66 
100.76 82.50 44.66 
100.98 82.71 44.66 
101.19 82.93 44.66 
101.41 83.14 44.66 
101.84 83.14 44.66 
102.05 83.36 44.66 
102.27 83.57 44.66 
102.48 83.79 44.66 
102.70 84.00 44.66 
102.91 84.22 44.66 
103.13 84.43 44.66 
103.34 84.65 44.66 
103.55 84.86 44.66 
103.77 85.08 44.66 
103.98 85.29 44.66 
104.20 85.51 44.66 
104.41 85.72 44.66 
104.63 85.94 44.66 
104.63 86.37 44.66 
104.84 86.58 44.66 
105.06 86.80 44.66 
105.27 87.01 44.66 
105.49 87.23 44.66 
105.70 87.44 44.66 
105.92 87.66 44.66 
105.92 88.09 44.66 
105.92 88.52 44.66 
106.13 88.73 44.66 
106.35 88.95 44.66 
106.35 89.38 44.66 
106.56 89.59 44.66 
106.78 89.80 44.66 
106.78 90.23 44.66 
106.99 90.45 44.66 
107.21 90.66 44.66 
107.21 91.09 44.66 
107.21 91.52 44.66 
107.21 91.95 44.66 
107.42 92.17 44.66 
107.64 92.38 44.66 
107.64 92.81 44.66 
107.64 93.24 44.66 
107.85 93.46 44.66 
108.07 93.67 44.66 
108.07 94.10 44.66 
108.07 94.53 44.66 
108.28 94.75 44.66 
108.50 94.96 44.66 
108.50 95.39 44.66 
108.50 95.82 44.66 
108.50 96.25 44.66 
108.50 96.68 44.66 
108.50 97.11 44.66 
108.71 97.32 44.66 
108.93 97.54 44.66 
108.93 97.97 44.66 
108.93 98.40 44.66 
108.93 98.83 44.66 
108.93 99.26 44.66 
108.93 99.69 44.66 
108.93 100.12 44.66 
108.93 100.55 44.66 
108.93 100.98 44.66 
108.93 101.41 44.66 
108.93 101.84 44.66 
108.93 102.27 44.66 
108.93 102.70 44.66 
108.93 103.13 44.66 
108.93 103.55 44.66 
108.93 103.98 44.66 
108.71 104.20 44.66 
108.50 104.41 44.66 
108.50 104.84 44.66 
108.50 105.27 44.66 
108.28 105.49 44.66 
108.07 105.70 44.66 
108.07 106.13 44.66 
107.85 106.35 44.66 
107.64 106.56 44.66 
107.64 106.99 44.66 
107.42 107.21 44.66 
107.21 107.42 44.66 
107.21 107.85 44.66 
107.21 108.28 44.66 
106.99 108.50 44.66 
106.78 108.71 44.66 
106.56 108.93 44.66 
106.35 109.14 44.66 
106.35 109.57 44.66 
106.13 109.79 44.66 
105.92 110.00 44.66 
105.92 110.43 44.66 
105.70 110.64 44.66 
105.27 110.64 44.66 
105.06 110.86 44.66 
104.84 111.07 44.66 
104.63 111.29 44.66 
104.41 111.50 44.66 
103.98 111.50 44.66 
103.55 111.50 44.66 
103.34 111.72 44.66 
103.13 111.93 44.66 
102.91 112.15 44.66 
102.70 112.36 44.66 
102.27 112.36 44.66 
102.05 112.58 44.66 
101.84 112.79 44.66 
101.62 113.01 44.66 
101.41 113.22 44.66 
101.19 113.44 44.66 
102.70 111.93 48.72 
102.27 111.93 48.72 
101.84 111.93 48.72 
48.98 92.17 48.72 
48.77 91.95 48.72 
48.55 91.74 48.72 
48.34 91.52 48.72 
48.13 91.31 48.72 
47.70 91.31 48.72 
47.48 91.09 48.72 
47.70 90.88 48.72 
47.91 90.66 48.72 
48.13 90.45 48.72 
48.34 90.23 48.72 
48.34 89.80 48.72 
48.55 89.59 48.72 
48.77 89.38 48.72 
48.98 89.16 48.72 
49.20 88.95 48.72 
49.20 88.52 48.72 
49.41 88.30 48.72 
49.84 88.30 48.72 
50.06 88.09 48.72 
50.27 87.87 48.72 
50.49 87.66 48.72 
50.70 87.44 48.72 
51.13 87.44 48.72 
51.35 87.23 48.72 
51.56 87.01 48.72 
51.78 86.80 48.72 
51.99 86.58 48.72 
52.42 86.58 48.72 
52.64 86.37 48.72 
52.85 86.15 48.72 
53.28 86.15 48.72 
53.50 85.94 48.72 
53.71 85.72 48.72 
53.93 85.51 48.72 
54.14 85.29 48.72 
54.36 85.08 48.72 
54.57 84.86 48.72 
54.79 84.65 48.72 
55.00 84.43 48.72 
55.43 84.43 48.72 
55.64 84.22 48.72 
55.86 84.00 48.72 
56.07 83.79 48.72 
56.29 83.57 48.72 
56.72 83.57 48.72 
56.93 83.36 48.72 
56.93 82.93 48.72 
57.15 82.71 48.72 
57.58 82.71 48.72 
57.79 82.50 48.72 
58.01 82.29 48.72 
58.44 82.29 48.72 
58.65 82.07 48.72 
58.87 81.86 48.72 
59.30 81.86 48.72 
59.51 81.64 48.72 
59.73 81.43 48.72 
59.94 81.21 48.72 
60.16 81.00 48.72 
60.59 81.00 48.72 
60.80 80.78 48.72 
61.02 80.57 48.72 
61.23 80.35 48.72 
61.45 80.14 48.72 
61.66 79.92 48.72 
61.88 79.71 48.72 
62.09 79.49 48.72 
62.30 79.28 48.72 
62.73 79.28 48.72 
62.95 79.06 48.72 
63.16 78.85 48.72 
63.38 78.63 48.72 
63.59 78.42 48.72 
64.02 78.42 48.72 
64.24 78.20 48.72 
64.45 77.99 48.72 
64.67 77.77 48.72 
64.88 77.56 48.72 
65.31 77.56 48.72 
65.53 77.34 48.72 
65.74 77.13 48.72 
66.17 77.13 48.72 
66.39 76.91 48.72 
66.60 76.70 48.72 
67.03 76.70 48.72 
67.25 76.48 48.72 
67.46 76.27 48.72 
67.89 76.27 48.72 
68.32 76.27 48.72 
68.54 76.05 48.72 
68.75 75.84 48.72 
69.18 75.84 48.72 
69.39 75.63 48.72 
69.61 75.41 48.72 
70.04 75.41 48.72 
70.47 75.41 48.72 
70.90 75.41 48.72 
71.33 75.41 48.72 
71.76 75.41 48.72 
71.97 75.20 48.72 
72.19 74.98 48.72 
72.62 74.98 48.72 
73.05 74.98 48.72 
73.48 74.98 48.72 
73.91 74.98 48.72 
74.34 74.98 48.72 
74.77 74.98 48.72 
75.20 74.98 48.72 
75.41 74.77 48.72 
75.63 74.55 48.72 
76.05 74.55 48.72 
76.48 74.55 48.72 
76.70 74.77 48.72 
76.91 74.98 48.72 
77.34 74.98 48.72 
77.56 75.20 48.72 
77.77 75.41 48.72 
78.20 75.41 48.72 
78.63 75.41 48.72 
79.06 75.41 48.72 
79.49 75.41 48.72 
79.92 75.41 48.72 
80.35 75.41 48.72 
80.78 75.41 48.72 
81.21 75.41 48.72 
81.64 75.41 48.72 
82.07 75.41 48.72 
82.50 75.41 48.72 
82.71 75.63 48.72 
82.93 75.84 48.72 
83.36 75.84 48.72 
83.57 76.05 48.72 
83.79 76.27 48.72 
84.22 76.27 48.72 
84.65 76.27 48.72 
84.86 76.48 48.72 
85.08 76.70 48.72 
85.51 76.70 48.72 
85.72 76.91 48.72 
85.94 77.13 48.72 
86.37 77.13 48.72 
86.80 77.13 48.72 
87.01 77.34 48.72 
87.23 77.56 48.72 
87.66 77.56 48.72 
87.87 77.77 48.72 
88.09 77.99 48.72 
88.30 78.20 48.72 
88.52 78.42 48.72 
88.95 78.42 48.72 
89.38 78.42 48.72 
89.59 78.63 48.72 
89.80 78.85 48.72 
90.23 78.85 48.72 
90.45 79.06 48.72 
90.66 79.28 48.72 
90.88 79.49 48.72 
91.09 79.71 48.72 
91.52 79.71 48.72 
91.95 79.71 48.72 
92.17 79.92 48.72 
92.38 80.14 48.72 
92.81 80.14 48.72 
93.03 80.35 48.72 
93.24 80.57 48.72 
93.67 80.57 48.72 
94.10 80.57 48.72 
94.32 80.78 48.72 
94.53 81.00 48.72 
94.96 81.00 48.72 
95.39 81.00 48.72 
95.61 81.21 48.72 
95.82 81.43 48.72 
96.25 81.43 48.72 
96.46 81.64 48.72 
96.68 81.86 48.72 
97.11 81.86 48.72 
97.32 82.07 48.72 
97.54 82.29 48.72 
97.75 82.50 48.72 
97.97 82.71 48.72 
98.18 82.93 48.72 
98.40 83.14 48.72 
98.83 83.14 48.72 
99.04 83.36 48.72 
99.26 83.57 48.72 
99.47 83.79 48.72 
99.69 84.00 48.72 
99.90 84.22 48.72 
100.12 84.43 48.72 
100.55 84.43 48.72 
100.98 84.43 48.72 
101.19 84.65 48.72 
101.41 84.86 48.72 
101.62 85.08 48.72 
101.84 85.29 48.72 
102.05 85.51 48.72 
102.27 85.72 48.72 
102.48 85.94 48.72 
102.48 86.37 48.72 
102.70 86.58 48.72 
102.91 86.80 48.72 
103.13 87.01 48.72 
103.34 87.23 48.72 
103.55 87.44 48.72 
103.77 87.66 48.72 
103.98 87.87 48.72 
104.20 88.09 48.72 
104.20 88.52 48.72 
104.41 88.73 48.72 
104.63 88.95 48.72 
104.63 89.38 48.72 
104.84 89.59 48.72 
105.06 89.80 48.72 
105.06 90.23 48.72 
105.27 90.45 48.72 
105.49 90.66 48.72 
105.49 91.09 48.72 
105.49 91.52 48.72 
105.49 91.95 48.72 
105.49 92.38 48.72 
105.70 92.60 48.72 
105.92 92.81 48.72 
105.92 93.24 48.72 
105.92 93.67 48.72 
105.92 94.10 48.72 
106.13 94.32 48.72 
106.35 94.53 48.72 
106.35 94.96 48.72 
106.35 95.39 48.72 
106.35 95.82 48.72 
106.35 96.25 48.72 
106.35 96.68 48.72 
106.35 97.11 48.72 
106.56 97.32 48.72 
106.78 97.54 48.72 
106.78 97.97 48.72 
106.78 98.40 48.72 
106.78 98.83 48.72 
106.78 99.26 48.72 
106.78 99.69 48.72 
106.78 100.12 48.72 
106.78 100.55 48.72 
106.99 100.76 48.72 
107.21 100.98 48.72 
107.21 101.41 48.72 
107.21 101.84 48.72 
107.21 102.27 48.72 
107.21 102.70 48.72 
106.99 102.91 48.72 
106.78 103.13 48.72 
106.99 103.34 48.72 
107.21 103.55 48.72 
107.21 103.98 48.72 
106.99 104.20 48.72 
106.78 104.41 48.72 
106.78 104.84 48.72 
106.78 105.27 48.72 
106.56 105.49 48.72 
106.35 105.70 48.72 
106.35 106.13 48.72 
106.35 106.56 48.72 
106.35 106.99 48.72 
106.13 107.21 48.72 
105.92 107.42 48.72 
105.92 107.85 48.72 
105.92 108.28 48.72 
105.70 108.50 48.72 
105.49 108.71 48.72 
105.49 109.14 48.72 
105.27 109.36 48.72 
105.06 109.57 48.72 
104.84 109.79 48.72 
104.63 110.00 48.72 
104.63 110.43 48.72 
104.41 110.64 48.72 
104.20 110.86 48.72 
103.98 111.07 48.72 
103.55 111.07 48.72 
103.34 111.29 48.72 
103.13 111.50 48.72 
102.91 111.72 48.72 
102.70 111.93 48.72 
45.98 103.34 52.78 
45.76 103.13 52.78 
45.55 102.91 52.78 
45.33 102.70 52.78 
45.12 102.48 52.78 
44.90 102.27 52.78 
44.69 102.05 52.78 
44.47 101.84 52.78 
44.47 101.41 52.78 
44.47 100.98 52.78 
44.47 100.55 52.78 
44.47 100.12 52.78 
44.47 99.69 52.78 
44.47 99.26 52.78 
44.47 98.83 52.78 
44.26 98.61 52.78 
44.04 98.40 52.78 
44.04 97.97 52.78 
44.04 97.54 52.78 
44.26 97.32 52.78 
44.47 97.11 52.78 
44.47 96.68 52.78 
44.47 96.25 52.78 
44.47 95.82 52.78 
44.47 95.39 52.78 
44.69 95.18 52.78 
44.90 94.96 52.78 
45.12 94.75 52.78 
45.33 94.53 52.78 
45.33 94.10 52.78 
45.55 93.89 52.78 
45.76 93.67 52.78 
45.98 93.46 52.78 
46.19 93.24 52.78 
46.41 93.03 52.78 
46.62 92.81 52.78 
46.62 92.38 52.78 
46.84 92.17 52.78 
47.05 91.95 52.78 
47.27 91.74 52.78 
47.48 91.52 52.78 
47.48 91.09 52.78 
47.70 90.88 52.78 
47.91 90.66 52.78 
47.91 90.23 52.78 
48.13 90.02 52.78 
48.34 89.80 52.78 
48.55 89.59 52.78 
48.77 89.38 52.78 
48.98 89.16 52.78 
49.20 88.95 52.78 
49.41 88.73 52.78 
49.63 88.52 52.78 
49.84 88.30 52.78 
50.06 88.09 52.78 
50.27 87.87 52.78 
50.70 87.87 52.78 
50.92 87.66 52.78 
51.13 87.44 52.78 
51.35 87.23 52.78 
51.56 87.01 52.78 
51.99 87.01 52.78 
52.21 86.80 52.78 
52.21 86.37 52.78 
52.42 86.15 52.78 
52.85 86.15 52.78 
53.07 85.94 52.78 
53.28 85.72 52.78 
53.71 85.72 52.78 
53.93 85.51 52.78 
54.14 85.29 52.78 
54.57 85.29 52.78 
55.00 85.29 52.78 
55.21 85.08 52.78 
55.43 84.86 52.78 
55.86 84.86 52.78 
56.07 84.65 52.78 
56.29 84.43 52.78 
56.50 84.22 52.78 
56.72 84.00 52.78 
56.93 83.79 52.78 
57.15 83.57 52.78 
57.58 83.57 52.78 
57.79 83.36 52.78 
58.01 83.14 52.78 
58.22 82.93 52.78 
58.44 82.71 52.78 
58.87 82.71 52.78 
59.08 82.50 52.78 
59.30 82.29 52.78 
59.73 82.29 52.78 
59.94 82.07 52.78 
60.16 81.86 52.78 
60.37 81.64 52.78 
60.59 81.43 52.78 
61.02 81.43 52.78 
61.45 81.43 52.78 
61.88 81.43 52.78 
62.09 81.21 52.78 
62.30 81.00 52.78 
62.52 80.78 52.78 
62.73 80.57 52.78 
63.16 80.57 52.78 
63.38 80.35 52.78 
63.59 80.14 52.78 
64.02 80.14 52.78 
64.24 79.92 52.78 
64.45 79.71 52.78 
64.67 79.49 52.78 
64.88 79.28 52.78 
65.31 79.28 52.78 
65.53 79.06 52.78 
65.74 78.85 52.78 
65.96 78.63 52.78 
66.17 78.42 52.78 
66.60 78.42 52.78 
66.82 78.20 52.78 
67.03 77.99 52.78 
67.25 77.77 52.78 
67.46 77.56 52.78 
67.89 77.56 52.78 
68.32 77.56 52.78 
68.54 77.34 52.78 
68.75 77.13 52.78 
69.18 77.13 52.78 
69.39 76.91 52.78 
69.61 76.70 52.78 
70.04 76.70 52.78 
70.47 76.70 52.78 
70.90 76.70 52.78 
71.11 76.48 52.78 
71.33 76.27 52.78 
71.76 76.27 52.78 
72.19 76.27 52.78 
72.62 76.27 52.78 
73.05 76.27 52.78 
73.48 76.27 52.78 
73.69 76.48 52.78 
73.91 76.70 52.78 
74.34 76.70 52.78 
74.77 76.70 52.78 
75.20 76.70 52.78 
75.63 76.70 52.78 
76.05 76.70 52.78 
76.48 76.70 52.78 
76.91 76.70 52.78 
77.13 76.91 52.78 
77.34 77.13 52.78 
77.77 77.13 52.78 
77.99 77.34 52.78 
78.20 77.56 52.78 
78.63 77.56 52.78 
79.06 77.56 52.78 
79.49 77.56 52.78 
79.92 77.56 52.78 
80.14 77.77 52.78 
80.35 77.99 52.78 
80.78 77.99 52.78 
81.21 77.99 52.78 
81.43 78.20 52.78 
81.64 78.42 52.78 
81.86 78.63 52.78 
82.07 78.85 52.78 
82.50 78.85 52.78 
82.71 79.06 52.78 
82.93 79.28 52.78 
83.36 79.28 52.78 
83.57 79.49 52.78 
83.79 79.71 52.78 
84.22 79.71 52.78 
84.43 79.92 52.78 
84.65 80.14 52.78 
85.08 80.14 52.78 
85.29 80.35 52.78 
85.51 80.57 52.78 
85.94 80.57 52.78 
86.15 80.78 52.78 
86.15 81.21 52.78 
86.15 81.64 52.78 
86.37 81.86 52.78 
45.98 103.34 52.78 
47.27 107.21 56.84 
47.05 106.99 56.84 
46.84 106.78 56.84 
46.62 106.56 56.84 
46.41 106.35 56.84 
46.19 106.13 56.84 
45.98 105.92 56.84 
45.76 105.70 56.84 
45.76 105.27 56.84 
45.55 105.06 56.84 
45.33 104.84 56.84 
45.12 104.63 56.84 
44.90 104.41 56.84 
44.90 103.98 56.84 
44.90 103.55 56.84 
44.90 103.13 56.84 
44.69 102.91 56.84 
44.47 102.70 56.84 
44.47 102.27 56.84 
44.47 101.84 56.84 
44.47 101.41 56.84 
44.47 100.98 56.84 
44.69 100.76 56.84 
44.90 100.55 56.84 
44.90 100.12 56.84 
44.90 99.69 56.84 
44.90 99.26 56.84 
44.90 98.83 56.84 
45.12 98.61 56.84 
45.33 98.40 56.84 
45.33 97.97 56.84 
45.33 97.54 56.84 
45.55 97.32 56.84 
45.76 97.11 56.84 
45.76 96.68 56.84 
45.76 96.25 56.84 
45.98 96.04 56.84 
46.19 95.82 56.84 
46.19 95.39 56.84 
46.41 95.18 56.84 
46.62 94.96 56.84 
46.62 94.53 56.84 
46.84 94.32 56.84 
47.05 94.10 56.84 
47.05 93.67 56.84 
47.27 93.46 56.84 
47.48 93.24 56.84 
47.48 92.81 56.84 
47.70 92.60 56.84 
47.91 92.38 56.84 
47.91 91.95 56.84 
48.13 91.74 56.84 
48.34 91.52 56.84 
48.55 91.31 56.84 
48.77 91.09 56.84 
48.77 90.66 56.84 
48.98 90.45 56.84 
49.20 90.23 56.84 
49.41 90.02 56.84 
49.63 89.80 56.84 
49.84 89.59 56.84 
50.06 89.38 56.84 
50.27 89.16 56.84 
50.49 88.95 56.84 
50.70 88.73 56.84 
50.92 88.52 56.84 
51.13 88.30 56.84 
51.56 88.30 56.84 
51.78 88.09 56.84 
51.99 87.87 56.84 
52.21 87.66 56.84 
52.42 87.44 56.84 
52.64 87.23 56.84 
52.85 87.01 56.84 
53.28 87.01 56.84 
53.50 86.80 56.84 
53.71 86.58 56.84 
54.14 86.58 56.84 
54.36 86.37 56.84 
54.57 86.15 56.84 
55.00 86.15 56.84 
55.21 85.94 56.84 
55.43 85.72 56.84 
55.86 85.72 56.84 
56.07 85.51 56.84 
56.29 85.29 56.84 
56.72 85.29 56.84 
57.15 85.29 56.84 
57.58 85.29 56.84 
57.79 85.08 56.84 
58.01 84.86 56.84 
58.44 84.86 56.84 
58.65 84.65 56.84 
58.87 84.43 56.84 
59.08 84.22 56.84 
59.30 84.00 56.84 
59.73 84.00 56.84 
59.94 83.79 56.84 
60.16 83.57 56.84 
60.59 83.57 56.84 
60.80 83.36 56.84 
61.02 83.14 56.84 
61.45 83.14 56.84 
61.66 82.93 56.84 
61.88 82.71 56.84 
62.09 82.50 56.84 
62.30 82.29 56.84 
62.73 82.29 56.84 
62.95 82.07 56.84 
63.16 81.86 56.84 
63.38 81.64 56.84 
63.59 81.43 56.84 
64.02 81.43 56.84 
64.24 81.21 56.84 
64.45 81.00 56.84 
64.67 80.78 56.84 
64.88 80.57 56.84 
65.31 80.57 56.84 
65.74 80.57 56.84 
66.17 80.57 56.84 
66.60 80.57 56.84 
66.82 80.35 56.84 
67.03 80.14 56.84 
67.46 80.14 56.84 
67.89 80.14 56.84 
68.11 79.92 56.84 
68.32 79.71 56.84 
68.75 79.71 56.84 
69.18 79.71 56.84 
69.61 79.71 56.84 
70.04 79.71 56.84 
70.47 79.71 56.84 
70.90 79.71 56.84 
71.33 79.71 56.84 
71.54 79.49 56.84 
71.76 79.28 56.84 
71.97 79.49 56.84 
72.19 79.71 56.84 
72.40 79.49 56.84 
72.62 79.28 56.84 
73.05 79.28 56.84 
73.26 79.49 56.84 
73.48 79.71 56.84 
73.69 79.49 56.84 
73.91 79.28 56.84 
74.12 79.49 56.84 
74.34 79.71 56.84 
74.77 79.71 56.84 
75.20 79.71 56.84 
75.41 79.92 56.84 
75.63 80.14 56.84 
76.05 80.14 56.84 
76.48 80.14 56.84 
76.91 80.14 56.84 
77.13 80.35 56.84 
77.34 80.57 56.84 
77.77 80.57 56.84 
77.99 80.78 56.84 
77.99 81.21 56.84 
78.20 81.43 56.84 
78.42 81.64 56.84 
78.42 82.07 56.84 
78.42 82.50 56.84 
47.27 107.21 56.84 
48.55 108.07 60.90 
48.13 108.07 60.90 
47.91 107.85 60.90 
47.70 107.64 60.90 
47.48 107.42 60.90 
47.27 107.21 60.90 
47.05 106.99 60.90 
46.84 106.78 60.90 
46.62 106.56 60.90 
46.41 106.35 60.90 
46.19 106.13 60.90 
46.19 105.70 60.90 
45.98 105.49 60.90 
45.76 105.27 60.90 
45.55 105.06 60.90 
45.33 104.84 60.90 
45.33 104.41 60.90 
45.33 103.98 60.90 
45.33 103.55 60.90 
45.33 103.13 60.90 
45.55 102.91 60.90 
45.76 102.70 60.90 
45.76 102.27 60.90 
45.76 101.84 60.90 
45.76 101.41 60.90 
45.76 100.98 60.90 
45.76 100.55 60.90 
45.76 100.12 60.90 
45.76 99.69 60.90 
45.76 99.26 60.90 
45.98 99.04 60.90 
46.19 98.83 60.90 
46.19 98.40 60.90 
46.41 98.18 60.90 
46.62 97.97 60.90 
46.62 97.54 60.90 
46.62 97.11 60.90 
46.62 96.68 60.90 
46.84 96.46 60.90 
47.05 96.25 60.90 
47.27 96.04 60.90 
47.48 95.82 60.90 
47.48 95.39 60.90 
47.70 95.18 60.90 
47.91 94.96 60.90 
48.13 94.75 60.90 
48.34 94.53 60.90 
48.34 94.10 60.90 
48.34 93.67 60.90 
48.55 93.46 60.90 
48.77 93.24 60.90 
48.77 92.81 60.90 
48.98 92.60 60.90 
49.41 92.60 60.90 
49.63 92.38 60.90 
49.84 92.17 60.90 
50.06 91.95 60.90 
50.06 91.52 60.90 
50.27 91.31 60.90 
50.49 91.09 60.90 
50.70 90.88 60.90 
50.92 90.66 60.90 
51.13 90.45 60.90 
51.35 90.23 60.90 
51.56 90.02 60.90 
51.78 89.80 60.90 
51.99 89.59 60.90 
52.21 89.38 60.90 
52.42 89.16 60.90 
52.64 88.95 60.90 
52.64 88.52 60.90 
52.85 88.30 60.90 
53.28 88.30 60.90 
53.50 88.09 60.90 
53.71 87.87 60.90 
53.93 87.66 60.90 
54.14 87.44 60.90 
54.57 87.44 60.90 
54.79 87.23 60.90 
55.00 87.01 60.90 
55.21 86.80 60.90 
55.43 86.58 60.90 
55.86 86.58 60.90 
56.29 86.58 60.90 
56.50 86.37 60.90 
56.72 86.15 60.90 
56.93 85.94 60.90 
57.15 85.72 60.90 
57.58 85.72 60.90 
57.79 85.51 60.90 
58.01 85.29 60.90 
58.44 85.29 60.90 
58.65 85.08 60.90 
58.87 84.86 60.90 
59.30 84.86 60.90 
59.73 84.86 60.90 
60.16 84.86 60.90 
60.37 84.65 60.90 
60.59 84.43 60.90 
61.02 84.43 60.90 
61.45 84.43 60.90 
61.66 84.22 60.90 
61.88 84.00 60.90 
62.30 84.00 60.90 
62.52 83.79 60.90 
62.73 83.57 60.90 
63.16 83.57 60.90 
63.59 83.57 60.90 
63.81 83.36 60.90 
64.02 83.14 60.90 
64.45 83.14 60.90 
64.88 83.14 60.90 
65.31 83.14 60.90 
65.74 83.14 60.90 
65.96 82.93 60.90 
66.17 82.71 60.90 
66.60 82.71 60.90 
67.03 82.71 60.90 
67.25 82.50 60.90 
67.46 82.29 60.90 
67.89 82.29 60.90 
68.32 82.29 60.90 
68.75 82.29 60.90 
69.18 82.29 60.90 
69.61 82.29 60.90 
70.04 82.29 60.90 
70.47 82.29 60.90 
70.90 82.29 60.90 
71.33 82.29 60.90 
71.76 82.29 60.90 
71.97 82.50 60.90 
72.19 82.71 60.90 
72.62 82.71 60.90 
73.05 82.71 60.90 
73.26 82.93 60.90 
73.48 83.14 60.90 
73.69 83.36 60.90 
73.91 83.57 60.90 
74.12 83.79 60.90 
74.12 84.22 60.90 
48.55 108.07 60.90 
48.98 111.50 64.96 
48.77 111.29 64.96 
48.55 111.07 64.96 
48.34 110.86 64.96 
48.13 110.64 64.96 
47.91 110.43 64.96 
47.91 110.00 64.96 
47.91 109.57 64.96 
47.70 109.36 64.96 
47.48 109.14 64.96 
47.48 108.71 64.96 
47.27 108.50 64.96 
47.05 108.28 64.96 
47.05 107.85 64.96 
47.05 107.42 64.96 
46.84 107.21 64.96 
46.62 106.99 64.96 
46.62 106.56 64.96 
46.62 106.13 64.96 
46.62 105.70 64.96 
46.62 105.27 64.96 
46.62 104.84 64.96 
46.62 104.41 64.96 
46.62 103.98 64.96 
46.62 103.55 64.96 
46.62 103.13 64.96 
46.84 102.91 64.96 
47.05 102.70 64.96 
47.05 102.27 64.96 
47.05 101.84 64.96 
47.05 101.41 64.96 
47.27 101.19 64.96 
47.48 100.98 64.96 
47.48 100.55 64.96 
47.48 100.12 64.96 
47.48 99.69 64.96 
47.48 99.26 64.96 
47.70 99.04 64.96 
47.91 98.83 64.96 
47.91 98.40 64.96 
47.91 97.97 64.96 
48.13 97.75 64.96 
48.34 97.54 64.96 
48.34 97.11 64.96 
48.34 96.68 64.96 
48.55 96.46 64.96 
48.77 96.25 64.96 
48.77 95.82 64.96 
48.98 95.61 64.96 
49.20 95.39 64.96 
49.41 95.18 64.96 
49.63 94.96 64.96 
49.84 94.75 64.96 
50.06 94.53 64.96 
50.27 94.32 64.96 
50.49 94.10 64.96 
50.49 93.67 64.96 
50.70 93.46 64.96 
50.92 93.24 64.96 
51.13 93.03 64.96 
51.35 92.81 64.96 
51.56 92.60 64.96 
51.78 92.38 64.96 
51.99 92.17 64.96 
52.21 91.95 64.96 
52.42 91.74 64.96 
52.64 91.52 64.96 
52.85 91.31 64.96 
53.07 91.09 64.96 
53.28 90.88 64.96 
53.50 90.66 64.96 
53.50 90.23 64.96 
53.71 90.02 64.96 
53.93 89.80 64.96 
54.14 89.59 64.96 
54.36 89.38 64.96 
54.57 89.16 64.96 
54.79 88.95 64.96 
55.00 88.73 64.96 
55.21 88.52 64.96 
55.43 88.30 64.96 
55.64 88.09 64.96 
55.86 87.87 64.96 
56.07 87.66 64.96 
56.29 87.44 64.96 
56.72 87.44 64.96 
56.93 87.23 64.96 
57.15 87.01 64.96 
57.36 86.80 64.96 
57.58 86.58 64.96 
58.01 86.58 64.96 
58.44 86.58 64.96 
58.65 86.37 64.96 
58.87 86.15 64.96 
59.30 86.15 64.96 
59.73 86.15 64.96 
59.94 85.94 64.96 
60.16 85.72 64.96 
60.59 85.72 64.96 
61.02 85.72 64.96 
61.23 85.51 64.96 
61.45 85.29 64.96 
61.88 85.29 64.96 
62.09 85.08 64.96 
62.30 84.86 64.96 
62.73 84.86 64.96 
63.16 84.86 64.96 
63.59 84.86 64.96 
63.81 84.65 64.96 
64.02 84.43 64.96 
64.24 84.22 64.96 
64.45 84.00 64.96 
64.88 84.00 64.96 
65.31 84.00 64.96 
65.74 84.00 64.96 
66.17 84.00 64.96 
66.39 83.79 64.96 
66.60 83.57 64.96 
67.03 83.57 64.96 
67.46 83.57 64.96 
67.89 83.57 64.96 
68.32 83.57 64.96 
68.75 83.57 64.96 
69.18 83.57 64.96 
69.61 83.57 64.96 
70.04 83.57 64.96 
70.47 83.57 64.96 
70.68 83.79 64.96 
70.90 84.00 64.96 
71.33 84.00 64.96 
71.76 84.00 64.96 
72.19 84.00 64.96 
72.40 84.22 64.96 
72.62 84.43 64.96 
73.05 84.43 64.96 
73.26 84.65 64.96 
73.26 85.08 64.96 
73.48 85.29 64.96 
73.69 85.51 64.96 
73.91 85.72 64.96 
74.12 85.94 64.96 
48.98 111.50 64.96 
48.98 111.50 69.02 
48.55 111.50 69.02 
48.34 111.29 69.02 
48.13 111.07 69.02 
47.70 111.07 69.02 
47.48 110.86 69.02 
47.48 110.43 69.02 
47.27 110.21 69.02 
47.05 110.00 69.02 
47.05 109.57 69.02 
46.84 109.36 69.02 
46.62 109.14 69.02 
46.41 108.93 69.02 
46.19 108.71 69.02 
46.19 108.28 69.02 
45.98 108.07 69.02 
45.76 107.85 69.02 
45.98 107.64 69.02 
46.19 107.42 69.02 
46.19 106.99 69.02 
46.19 106.56 69.02 
46.19 106.13 69.02 
46.19 105.70 69.02 
46.19 105.27 69.02 
46.19 104.84 69.02 
46.41 104.63 69.02 
46.62 104.41 69.02 
46.62 103.98 69.02 
46.62 103.55 69.02 
46.62 103.13 69.02 
46.62 102.70 69.02 
46.84 102.48 69.02 
47.05 102.27 69.02 
47.05 101.84 69.02 
47.05 101.41 69.02 
47.05 100.98 69.02 
47.27 100.76 69.02 
47.48 100.55 69.02 
47.48 100.12 69.02 
47.70 99.90 69.02 
47.91 99.69 69.02 
47.91 99.26 69.02 
48.13 99.04 69.02 
48.34 98.83 69.02 
48.34 98.40 69.02 
48.34 97.97 69.02 
48.13 97.75 69.02 
47.91 97.54 69.02 
48.13 97.32 69.02 
48.34 97.11 69.02 
48.34 96.68 69.02 
48.55 96.46 69.02 
48.77 96.25 69.02 
48.77 95.82 69.02 
48.98 95.61 69.02 
49.20 95.39 69.02 
49.41 95.18 69.02 
49.63 94.96 69.02 
49.63 94.53 69.02 
49.84 94.32 69.02 
50.06 94.10 69.02 
50.06 93.67 69.02 
50.27 93.46 69.02 
50.49 93.24 69.02 
50.49 92.81 69.02 
50.70 92.60 69.02 
50.92 92.38 69.02 
51.13 92.17 69.02 
51.35 91.95 69.02 
51.56 91.74 69.02 
51.78 91.52 69.02 
51.99 91.31 69.02 
52.21 91.09 69.02 
52.42 90.88 69.02 
52.64 90.66 69.02 
52.64 90.23 69.02 
52.85 90.02 69.02 
53.07 89.80 69.02 
53.28 89.59 69.02 
53.71 89.59 69.02 
53.93 89.38 69.02 
54.14 89.16 69.02 
54.36 88.95 69.02 
54.57 88.73 69.02 
54.79 88.52 69.02 
55.00 88.30 69.02 
55.43 88.30 69.02 
55.64 88.09 69.02 
55.86 87.87 69.02 
56.29 87.87 69.02 
56.50 87.66 69.02 
56.72 87.44 69.02 
57.15 87.44 69.02 
57.36 87.23 69.02 
57.58 87.01 69.02 
58.01 87.01 69.02 
58.44 87.01 69.02 
58.65 86.80 69.02 
58.87 86.58 69.02 
59.30 86.58 69.02 
59.51 86.37 69.02 
59.73 86.15 69.02 
60.16 86.15 69.02 
60.37 85.94 69.02 
60.59 85.72 69.02 
61.02 85.72 69.02 
61.45 85.72 69.02 
61.66 85.51 69.02 
61.88 85.29 69.02 
62.30 85.29 69.02 
62.52 85.08 69.02 
62.73 84.86 69.02 
63.16 84.86 69.02 
63.59 84.86 69.02 
63.81 84.65 69.02 
64.02 84.43 69.02 
64.45 84.43 69.02 
64.88 84.43 69.02 
65.31 84.43 69.02 
65.53 84.22 69.02 
65.74 84.00 69.02 
66.17 84.00 69.02 
66.60 84.00 69.02 
67.03 84.00 69.02 
67.46 84.00 69.02 
67.89 84.00 69.02 
68.32 84.00 69.02 
68.75 84.00 69.02 
69.18 84.00 69.02 
69.61 84.00 69.02 
70.04 84.00 69.02 
70.47 84.00 69.02 
70.68 84.22 69.02 
70.90 84.43 69.02 
71.33 84.43 69.02 
71.76 84.43 69.02 
71.97 84.65 69.02 
72.19 84.86 69.02 
72.40 85.08 69.02 
72.62 85.29 69.02 
73.05 85.29 69.02 
73.26 85.51 69.02 
73.26 85.94 69.02 
73.48 86.15 69.02 
73.69 86.37 69.02 
73.91 86.58 69.02 
48.98 111.50 69.02 
47.70 111.93 73.08 
47.48 111.72 73.08 
47.27 111.50 73.08 
47.05 111.29 73.08 
46.84 111.07 73.08 
46.41 111.07 73.08 
46.19 110.86 73.08 
45.98 110.64 73.08 
45.76 110.43 73.08 
45.76 110.00 73.08 
45.76 109.57 73.08 
45.55 109.36 73.08 
45.33 109.14 73.08 
45.33 108.71 73.08 
45.12 108.50 73.08 
44.90 108.28 73.08 
44.90 107.85 73.08 
44.90 107.42 73.08 
44.90 106.99 73.08 
44.90 106.56 73.08 
44.90 106.13 73.08 
44.90 105.70 73.08 
44.90 105.27 73.08 
44.90 104.84 73.08 
44.90 104.41 73.08 
44.90 103.98 73.08 
44.90 103.55 73.08 
45.12 103.34 73.08 
45.33 103.13 73.08 
45.12 102.91 73.08 
44.90 102.70 73.08 
45.12 102.48 73.08 
45.33 102.27 73.08 
45.33 101.84 73.08 
45.33 101.41 73.08 
45.33 100.98 73.08 
45.33 100.55 73.08 
45.55 100.33 73.08 
45.76 100.12 73.08 
45.76 99.69 73.08 
45.76 99.26 73.08 
45.76 98.83 73.08 
45.76 98.40 73.08 
45.98 98.18 73.08 
46.19 97.97 73.08 
46.19 97.54 73.08 
46.41 97.32 73.08 
46.62 97.11 73.08 
46.62 96.68 73.08 
46.84 96.46 73.08 
47.05 96.25 73.08 
47.05 95.82 73.08 
47.27 95.61 73.08 
47.48 95.39 73.08 
47.48 94.96 73.08 
47.70 94.75 73.08 
47.91 94.53 73.08 
48.13 94.32 73.08 
48.34 94.10 73.08 
48.55 93.89 73.08 
48.77 93.67 73.08 
48.77 93.24 73.08 
48.98 93.03 73.08 
49.20 92.81 73.08 
49.41 92.60 73.08 
49.63 92.38 73.08 
49.84 92.17 73.08 
50.06 91.95 73.08 
50.06 91.52 73.08 
50.27 91.31 73.08 
50.49 91.09 73.08 
50.70 90.88 73.08 
51.13 90.88 73.08 
51.35 90.66 73.08 
51.56 90.45 73.08 
51.78 90.23 73.08 
51.99 90.02 73.08 
52.21 89.80 73.08 
52.42 89.59 73.08 
52.64 89.38 73.08 
52.85 89.16 73.08 
53.28 89.16 73.08 
53.50 88.95 73.08 
53.71 88.73 73.08 
53.93 88.52 73.08 
54.14 88.30 73.08 
54.36 88.09 73.08 
54.57 87.87 73.08 
55.00 87.87 73.08 
55.21 87.66 73.08 
55.43 87.44 73.08 
55.64 87.23 73.08 
55.86 87.01 73.08 
56.29 87.01 73.08 
56.50 86.80 73.08 
56.72 86.58 73.08 
57.15 86.58 73.08 
57.36 86.37 73.08 
57.58 86.15 73.08 
58.01 86.15 73.08 
58.44 86.15 73.08 
58.65 85.94 73.08 
58.87 85.72 73.08 
59.30 85.72 73.08 
59.51 85.51 73.08 
59.73 85.29 73.08 
60.16 85.29 73.08 
60.59 85.29 73.08 
60.80 85.08 73.08 
61.02 84.86 73.08 
61.23 84.65 73.08 
61.45 84.43 73.08 
61.88 84.43 73.08 
62.30 84.43 73.08 
62.52 84.22 73.08 
62.73 84.00 73.08 
63.16 84.00 73.08 
63.38 83.79 73.08 
63.59 83.57 73.08 
64.02 83.57 73.08 
64.45 83.57 73.08 
64.67 83.36 73.08 
64.88 83.14 73.08 
65.31 83.14 73.08 
65.74 83.14 73.08 
66.17 83.14 73.08 
66.39 82.93 73.08 
66.60 82.71 73.08 
67.03 82.71 73.08 
67.46 82.71 73.08 
67.89 82.71 73.08 
68.11 82.50 73.08 
68.32 82.29 73.08 
68.54 82.07 73.08 
68.75 81.86 73.08 
69.18 81.86 73.08 
69.61 81.86 73.08 
70.04 81.86 73.08 
70.47 81.86 73.08 
70.90 81.86 73.08 
71.33 81.86 73.08 
71.54 82.07 73.08 
71.76 82.29 73.08 
72.19 82.29 73.08 
72.62 82.29 73.08 
73.05 82.29 73.08 
73.48 82.29 73.08 
73.91 82.29 73.08 
74.12 82.50 73.08 
74.34 82.71 73.08 
74.77 82.71 73.08 
75.20 82.71 73.08 
75.63 82.71 73.08 
75.84 82.93 73.08 
76.05 83.14 73.08 
76.48 83.14 73.08 
76.70 83.36 73.08 
76.91 83.57 73.08 
77.34 83.57 73.08 
77.77 83.57 73.08 
78.20 83.57 73.08 
78.42 83.79 73.08 
78.63 84.00 73.08 
79.06 84.00 73.08 
79.49 84.00 73.08 
79.92 84.00 73.08 
80.35 84.00 73.08 
80.78 84.00 73.08 
81.00 83.79 73.08 
81.21 83.57 73.08 
81.64 83.57 73.08 
82.07 83.57 73.08 
82.29 83.79 73.08 
82.50 84.00 73.08 
82.93 84.00 73.08 
83.14 83.79 73.08 
83.36 83.57 73.08 
83.79 83.57 73.08 
84.22 83.57 73.08 
84.65 83.57 73.08 
84.86 83.79 73.08 
85.08 84.00 73.08 
85.51 84.00 73.08 
85.94 84.00 73.08 
86.15 84.22 73.08 
86.37 84.43 73.08 
86.80 84.43 73.08 
87.01 84.65 73.08 
87.23 84.86 73.08 
87.44 84.65 73.08 
87.66 84.43 73.08 
87.87 84.65 73.08 
88.09 84.86 73.08 
88.52 84.86 73.08 
88.95 84.86 73.08 
89.16 85.08 73.08 
89.38 85.29 73.08 
89.80 85.29 73.08 
90.23 85.29 73.08 
90.66 85.29 73.08 
91.09 85.29 73.08 
91.31 85.51 73.08 
91.52 85.72 73.08 
91.95 85.72 73.08 
92.17 85.51 73.08 
92.38 85.29 73.08 
92.60 85.51 73.08 
92.81 85.72 73.08 
93.03 85.94 73.08 
93.03 86.37 73.08 
93.24 86.58 73.08 
45.55 112.79 77.14 
45.33 112.58 77.14 
45.33 112.15 77.14 
45.12 111.93 77.14 
44.90 111.72 77.14 
44.90 111.29 77.14 
44.90 110.86 77.14 
44.90 110.43 77.14 
44.69 110.21 77.14 
44.47 110.00 77.14 
44.26 109.79 77.14 
44.04 109.57 77.14 
43.83 109.36 77.14 
43.61 109.14 77.14 
43.40 108.93 77.14 
43.18 108.71 77.14 
43.18 108.28 77.14 
43.18 107.85 77.14 
43.18 107.42 77.14 
42.97 107.21 77.14 
42.75 106.99 77.14 
42.97 106.78 77.14 
43.18 106.56 77.14 
43.18 106.13 77.14 
43.18 105.70 77.14 
43.18 105.27 77.14 
43.18 104.84 77.14 
43.18 104.41 77.14 
43.18 103.98 77.14 
43.40 103.77 77.14 
43.61 103.55 77.14 
43.40 103.34 77.14 
43.18 103.13 77.14 
43.18 102.70 77.14 
43.18 102.27 77.14 
43.40 102.05 77.14 
43.61 101.84 77.14 
43.61 101.41 77.14 
43.61 100.98 77.14 
43.83 100.76 77.14 
44.04 100.55 77.14 
44.04 100.12 77.14 
44.26 99.90 77.14 
44.47 99.69 77.14 
44.47 99.26 77.14 
44.47 98.83 77.14 
44.47 98.40 77.14 
44.69 98.18 77.14 
44.90 97.97 77.14 
44.90 97.54 77.14 
45.12 97.32 77.14 
45.33 97.11 77.14 
45.33 96.68 77.14 
45.33 96.25 77.14 
45.33 95.82 77.14 
45.55 95.61 77.14 
45.76 95.39 77.14 
45.76 94.96 77.14 
45.98 94.75 77.14 
46.19 94.53 77.14 
46.41 94.32 77.14 
46.62 94.10 77.14 
46.62 93.67 77.14 
46.84 93.46 77.14 
47.05 93.24 77.14 
47.05 92.81 77.14 
47.27 92.60 77.14 
47.48 92.38 77.14 
47.70 92.17 77.14 
47.91 91.95 77.14 
48.13 91.74 77.14 
48.55 91.74 77.14 
48.77 91.52 77.14 
48.98 91.31 77.14 
49.20 91.09 77.14 
49.41 90.88 77.14 
49.63 90.66 77.14 
49.84 90.45 77.14 
50.06 90.23 77.14 
50.27 90.02 77.14 
50.49 89.80 77.14 
50.70 89.59 77.14 
51.13 89.59 77.14 
51.35 89.38 77.14 
51.56 89.16 77.14 
51.78 88.95 77.14 
51.99 88.73 77.14 
52.21 88.52 77.14 
52.42 88.30 77.14 
52.64 88.09 77.14 
52.85 87.87 77.14 
53.07 87.66 77.14 
53.28 87.44 77.14 
53.71 87.44 77.14 
53.93 87.23 77.14 
54.14 87.01 77.14 
54.36 86.80 77.14 
54.57 86.58 77.14 
55.00 86.58 77.14 
55.21 86.37 77.14 
55.43 86.15 77.14 
55.64 85.94 77.14 
55.86 85.72 77.14 
56.29 85.72 77.14 
56.50 85.51 77.14 
56.72 85.29 77.14 
57.15 85.29 77.14 
57.36 85.08 77.14 
57.58 84.86 77.14 
58.01 84.86 77.14 
58.22 84.65 77.14 
58.44 84.43 77.14 
58.87 84.43 77.14 
59.08 84.22 77.14 
59.30 84.00 77.14 
59.73 84.00 77.14 
59.94 83.79 77.14 
60.16 83.57 77.14 
60.59 83.57 77.14 
60.80 83.36 77.14 
61.02 83.14 77.14 
61.45 83.14 77.14 
61.88 83.14 77.14 
62.30 83.14 77.14 
62.52 82.93 77.14 
62.73 82.71 77.14 
63.16 82.71 77.14 
63.59 82.71 77.14 
64.02 82.71 77.14 
64.24 82.50 77.14 
64.45 82.29 77.14 
64.88 82.29 77.14 
65.31 82.29 77.14 
65.53 82.07 77.14 
65.74 81.86 77.14 
65.96 81.64 77.14 
66.17 81.43 77.14 
66.39 81.64 77.14 
66.60 81.86 77.14 
67.03 81.86 77.14 
67.46 81.86 77.14 
67.68 81.64 77.14 
67.89 81.43 77.14 
68.32 81.43 77.14 
68.75 81.43 77.14 
69.18 81.43 77.14 
69.61 81.43 77.14 
70.04 81.43 77.14 
70.47 81.43 77.14 
70.68 81.21 77.14 
70.90 81.00 77.14 
71.33 81.00 77.14 
71.76 81.00 77.14 
72.19 81.00 77.14 
72.62 81.00 77.14 
73.05 81.00 77.14 
73.48 81.00 77.14 
73.69 80.78 77.14 
73.91 80.57 77.14 
74.34 80.57 77.14 
74.77 80.57 77.14 
75.20 80.57 77.14 
75.63 80.57 77.14 
76.05 80.57 77.14 
76.27 80.35 77.14 
76.48 80.14 77.14 
76.91 80.14 77.14 
77.13 80.35 77.14 
77.34 80.57 77.14 
77.77 80.57 77.14 
78.20 80.57 77.14 
78.63 80.57 77.14 
79.06 80.57 77.14 
79.49 80.57 77.14 
79.92 80.57 77.14 
80.35 80.57 77.14 
80.78 80.57 77.14 
81.21 80.57 77.14 
81.64 80.57 77.14 
82.07 80.57 77.14 
82.50 80.57 77.14 
82.93 80.57 77.14 
83.36 80.57 77.14 
83.79 80.57 77.14 
84.22 80.57 77.14 
84.43 80.78 77.14 
84.65 81.00 77.14 
85.08 81.00 77.14 
85.51 81.00 77.14 
85.94 81.00 77.14 
86.15 80.78 77.14 
86.37 80.57 77.14 
86.80 80.57 77.14 
87.23 80.57 77.14 
87.66 80.57 77.14 
87.87 80.78 77.14 
88.09 81.00 77.14 
88.52 81.00 77.14 
88.95 81.00 77.14 
89.38 81.00 77.14 
89.80 81.00 77.14 
90.02 81.21 77.14 
90.23 81.43 77.14 
90.66 81.43 77.14 
91.09 81.43 77.14 
91.31 81.64 77.14 
91.52 81.86 77.14 
91.95 81.86 77.14 
92.38 81.86 77.14 
92.81 81.86 77.14 
93.24 81.86 77.14 
93.46 82.07 77.14 
93.67 82.29 77.14 
94.10 82.29 77.14 
94.53 82.29 77.14 
94.75 82.50 77.14 
94.96 82.71 77.14 
95.39 82.71 77.14 
95.82 82.71 77.14 
96.04 82.93 77.14 
96.25 83.14 77.14 
96.68 83.14 77.14 
97.11 83.14 77.14 
97.32 83.36 77.14 
97.54 83.57 77.14 
97.97 83.57 77.14 
98.18 83.79 77.14 
98.18 84.22 77.14 
98.40 84.43 77.14 
98.83 84.43 77.14 
99.04 84.65 77.14 
99.26 84.86 77.14 
99.47 85.08 77.14 
99.69 85.29 77.14 
99.90 85.51 77.14 
100.12 85.72 77.14 
100.33 85.94 77.14 
100.55 86.15 77.14 
100.76 86.37 77.14 
100.98 86.58 77.14 
101.19 86.80 77.14 
101.41 87.01 77.14 
101.62 87.23 77.14 
101.84 87.44 77.14 
102.05 87.66 77.14 
102.05 88.09 77.14 
102.27 88.30 77.14 
102.70 88.30 77.14 
102.91 88.52 77.14 
102.91 88.95 77.14 
103.13 89.16 77.14 
103.34 89.38 77.14 
103.34 89.80 77.14 
103.55 90.02 77.14 
103.77 90.23 77.14 
103.98 90.45 77.14 
104.20 90.66 77.14 
104.20 91.09 77.14 
104.41 91.31 77.14 
104.63 91.52 77.14 
104.84 91.74 77.14 
105.06 91.95 77.14 
105.06 92.38 77.14 
105.27 92.60 77.14 
105.49 92.81 77.14 
105.49 93.24 77.14 
105.49 93.67 77.14 
105.70 93.89 77.14 
105.92 94.10 77.14 
106.13 94.32 77.14 
106.35 94.53 77.14 
106.56 94.75 77.14 
106.78 94.96 77.14 
106.78 95.39 77.14 
106.78 95.82 77.14 
106.78 96.25 77.14 
106.78 96.68 77.14 
106.78 97.11 77.14 
106.78 97.54 77.14 
106.78 97.97 77.14 
106.56 98.18 77.14 
106.35 98.40 77.14 
106.35 98.83 77.14 
106.35 99.26 77.14 
106.35 99.69 77.14 
106.35 100.12 77.14 
106.13 100.33 77.14 
105.92 100.55 77.14 
106.13 100.76 77.14 
106.35 100.98 77.14 
106.35 101.41 77.14 
106.13 101.62 77.14 
105.92 101.84 77.14 
103.55 115.37 81.20 
103.13 115.37 81.20 
102.70 115.37 81.20 
102.27 115.37 81.20 
45.55 113.22 81.20 
45.12 113.22 81.20 
44.90 113.01 81.20 
44.69 112.79 81.20 
44.47 112.58 81.20 
44.26 112.36 81.20 
44.04 112.15 81.20 
44.04 111.72 81.20 
43.83 111.50 81.20 
43.61 111.29 81.20 
43.40 111.07 81.20 
43.18 110.86 81.20 
42.97 110.64 81.20 
42.75 110.43 81.20 
42.54 110.21 81.20 
42.32 110.00 81.20 
42.11 109.79 81.20 
41.89 109.57 81.20 
41.89 109.14 81.20 
41.89 108.71 81.20 
41.68 108.50 81.20 
41.46 108.28 81.20 
41.46 107.85 81.20 
41.46 107.42 81.20 
41.46 106.99 81.20 
41.25 106.78 81.20 
41.04 106.56 81.20 
41.04 106.13 81.20 
41.25 105.92 81.20 
41.46 105.70 81.20 
41.46 105.27 81.20 
41.25 105.06 81.20 
41.04 104.84 81.20 
41.25 104.63 81.20 
41.46 104.41 81.20 
41.46 103.98 81.20 
41.68 103.77 81.20 
41.89 103.55 81.20 
41.68 103.34 81.20 
41.46 103.13 81.20 
41.68 102.91 81.20 
41.89 102.70 81.20 
41.89 102.27 81.20 
41.89 101.84 81.20 
42.11 101.62 81.20 
42.32 101.41 81.20 
42.32 100.98 81.20 
42.54 100.76 81.20 
42.75 100.55 81.20 
42.75 100.12 81.20 
42.75 99.69 81.20 
42.75 99.26 81.20 
42.97 99.04 81.20 
43.18 98.83 81.20 
43.18 98.40 81.20 
43.18 97.97 81.20 
43.40 97.75 81.20 
43.61 97.54 81.20 
43.61 97.11 81.20 
43.61 96.68 81.20 
43.83 96.46 81.20 
44.04 96.25 81.20 
44.04 95.82 81.20 
44.26 95.61 81.20 
44.47 95.39 81.20 
44.69 95.18 81.20 
44.90 94.96 81.20 
44.90 94.53 81.20 
45.12 94.32 81.20 
45.33 94.10 81.20 
45.33 93.67 81.20 
45.55 93.46 81.20 
45.76 93.24 81.20 
45.98 93.03 81.20 
46.19 92.81 81.20 
46.41 92.60 81.20 
46.62 92.38 81.20 
46.84 92.17 81.20 
47.05 91.95 81.20 
47.05 91.52 81.20 
47.27 91.31 81.20 
47.70 91.31 81.20 
47.91 91.09 81.20 
48.13 90.88 81.20 
48.34 90.66 81.20 
48.55 90.45 81.20 
48.77 90.23 81.20 
48.98 90.02 81.20 
49.20 89.80 81.20 
49.41 89.59 81.20 
49.63 89.38 81.20 
49.84 89.16 81.20 
50.06 88.95 81.20 
50.27 88.73 81.20 
50.49 88.52 81.20 
50.70 88.30 81.20 
50.92 88.09 81.20 
51.13 87.87 81.20 
51.56 87.87 81.20 
51.78 87.66 81.20 
51.99 87.44 81.20 
52.21 87.23 81.20 
52.42 87.01 81.20 
52.64 86.80 81.20 
52.85 86.58 81.20 
53.07 86.37 81.20 
53.28 86.15 81.20 
53.50 85.94 81.20 
53.71 85.72 81.20 
54.14 85.72 81.20 
54.36 85.51 81.20 
54.36 85.08 81.20 
54.57 84.86 81.20 
55.00 84.86 81.20 
55.21 84.65 81.20 
55.43 84.43 81.20 
55.86 84.43 81.20 
56.07 84.22 81.20 
56.29 84.00 81.20 
56.72 84.00 81.20 
56.93 83.79 81.20 
57.15 83.57 81.20 
57.36 83.36 81.20 
57.58 83.14 81.20 
58.01 83.14 81.20 
58.44 83.14 81.20 
58.65 82.93 81.20 
58.87 82.71 81.20 
59.30 82.71 81.20 
59.51 82.50 81.20 
59.73 82.29 81.20 
60.16 82.29 81.20 
60.37 82.07 81.20 
60.59 81.86 81.20 
61.02 81.86 81.20 
61.45 81.86 81.20 
61.88 81.86 81.20 
62.09 81.64 81.20 
62.30 81.43 81.20 
62.73 81.43 81.20 
62.95 81.21 81.20 
63.16 81.00 81.20 
63.59 81.00 81.20 
64.02 81.00 81.20 
64.24 80.78 81.20 
64.45 80.57 81.20 
64.88 80.57 81.20 
65.31 80.57 81.20 
65.74 80.57 81.20 
66.17 80.57 81.20 
66.39 80.35 81.20 
66.60 80.14 81.20 
67.03 80.14 81.20 
67.46 80.14 81.20 
67.89 80.14 81.20 
68.32 80.14 81.20 
68.75 80.14 81.20 
68.96 79.92 81.20 
69.18 79.71 81.20 
69.61 79.71 81.20 
70.04 79.71 81.20 
70.47 79.71 81.20 
70.90 79.71 81.20 
71.33 79.71 81.20 
71.76 79.71 81.20 
72.19 79.71 81.20 
72.62 79.71 81.20 
73.05 79.71 81.20 
73.48 79.71 81.20 
73.69 79.49 81.20 
73.91 79.28 81.20 
74.34 79.28 81.20 
74.77 79.28 81.20 
75.20 79.28 81.20 
75.63 79.28 81.20 
76.05 79.28 81.20 
76.48 79.28 81.20 
76.91 79.28 81.20 
77.34 79.28 81.20 
77.77 79.28 81.20 
78.20 79.28 81.20 
78.42 79.06 81.20 
78.63 78.85 81.20 
79.06 78.85 81.20 
79.49 78.85 81.20 
79.92 78.85 81.20 
80.35 78.85 81.20 
80.57 78.63 81.20 
80.78 78.42 81.20 
81.21 78.42 81.20 
81.43 78.63 81.20 
81.64 78.85 81.20 
82.07 78.85 81.20 
82.50 78.85 81.20 
82.93 78.85 81.20 
83.36 78.85 81.20 
83.79 78.85 81.20 
84.22 78.85 81.20 
84.65 78.85 81.20 
85.08 78.85 81.20 
85.51 78.85 81.20 
85.94 78.85 81.20 
86.37 78.85 81.20 
86.80 78.85 81.20 
87.23 78.85 81.20 
87.66 78.85 81.20 
88.09 78.85 81.20 
88.30 79.06 81.20 
88.52 79.28 81.20 
88.95 79.28 81.20 
89.38 79.28 81.20 
89.80 79.28 81.20 
90.23 79.28 81.20 
90.45 79.06 81.20 
90.66 78.85 81.20 
91.09 78.85 81.20 
91.52 78.85 81.20 
91.74 79.06 81.20 
91.95 79.28 81.20 
92.38 79.28 81.20 
92.81 79.28 81.20 
93.24 79.28 81.20 
93.67 79.28 81.20 
94.10 79.28 81.20 
94.53 79.28 81.20 
94.96 79.28 81.20 
95.18 79.49 81.20 
95.39 79.71 81.20 
95.82 79.71 81.20 
96.25 79.71 81.20 
96.46 79.92 81.20 
96.68 80.14 81.20 
97.11 80.14 81.20 
97.32 80.35 81.20 
97.54 80.57 81.20 
97.97 80.57 81.20 
98.18 80.78 81.20 
98.40 81.00 81.20 
98.83 81.00 81.20 
99.26 81.00 81.20 
99.47 81.21 81.20 
99.69 81.43 81.20 
99.90 81.64 81.20 
100.12 81.86 81.20 
100.33 82.07 81.20 
100.55 82.29 81.20 
100.76 82.50 81.20 
100.98 82.71 81.20 
101.19 82.93 81.20 
101.41 83.14 81.20 
101.84 83.14 81.20 
102.05 83.36 81.20 
102.27 83.57 81.20 
102.48 83.79 81.20 
102.70 84.00 81.20 
103.13 84.00 81.20 
103.34 84.22 81.20 
103.55 84.43 81.20 
103.98 84.43 81.20 
104.20 84.65 81.20 
104.41 84.86 81.20 
104.63 85.08 81.20 
104.63 85.51 81.20 
104.84 85.72 81.20 
105.06 85.94 81.20 
105.27 86.15 81.20 
105.49 86.37 81.20 
105.70 86.58 81.20 
105.92 86.80 81.20 
106.13 87.01 81.20 
106.35 87.23 81.20 
106.35 87.66 81.20 
106.56 87.87 81.20 
106.78 88.09 81.20 
106.99 88.30 81.20 
107.21 88.52 81.20 
107.42 88.73 81.20 
107.64 88.95 81.20 
107.85 89.16 81.20 
108.07 89.38 81.20 
108.07 89.80 81.20 
108.07 90.23 81.20 
108.28 90.45 81.20 
108.50 90.66 81.20 
108.50 91.09 81.20 
108.71 91.31 81.20 
108.93 91.52 81.20 
108.93 91.95 81.20 
109.14 92.17 81.20 
109.36 92.38 81.20 
109.36 92.81 81.20 
109.57 93.03 81.20 
109.79 93.24 81.20 
109.79 93.67 81.20 
109.79 94.10 81.20 
109.79 94.53 81.20 
109.79 94.96 81.20 
110.00 95.18 81.20 
110.21 95.39 81.20 
110.21 95.82 81.20 
110.00 96.04 81.20 
109.79 96.25 81.20 
109.79 96.68 81.20 
109.79 97.11 81.20 
109.79 97.54 81.20 
109.79 97.97 81.20 
109.79 98.40 81.20 
109.79 98.83 81.20 
109.79 99.26 81.20 
109.79 99.69 81.20 
109.79 100.12 81.20 
109.79 100.55 81.20 
109.79 100.98 81.20 
109.57 101.19 81.20 
109.36 101.41 81.20 
109.36 101.84 81.20 
109.57 102.05 81.20 
109.79 102.27 81.20 
109.79 102.70 81.20 
109.79 103.13 81.20 
109.79 103.55 81.20 
109.57 103.77 81.20 
109.36 103.98 81.20 
109.36 104.41 81.20 
109.36 104.84 81.20 
109.36 105.27 81.20 
109.36 105.70 81.20 
109.36 106.13 81.20 
109.14 106.35 81.20 
108.93 106.56 81.20 
108.93 106.99 81.20 
108.93 107.42 81.20 
108.71 107.64 81.20 
108.50 107.85 81.20 
108.50 108.28 81.20 
108.28 108.50 81.20 
108.07 108.71 81.20 
108.07 109.14 81.20 
108.07 109.57 81.20 
107.85 109.79 81.20 
107.64 110.00 81.20 
107.42 110.21 81.20 
107.21 110.43 81.20 
106.99 110.64 81.20 
106.78 110.86 81.20 
106.78 111.29 81.20 
106.78 111.72 81.20 
106.56 111.93 81.20 
106.35 112.15 81.20 
106.13 112.36 81.20 
105.92 112.58 81.20 
105.70 112.79 81.20 
105.49 113.01 81.20 
105.27 113.22 81.20 
105.06 113.44 81.20 
105.06 113.87 81.20 
104.84 114.08 81.20 
104.63 114.30 81.20 
104.41 114.51 81.20 
104.20 114.73 81.20 
103.98 114.94 81.20 
103.77 115.16 81.20 
103.55 115.37 81.20 
103.55 115.37 85.26 
43.83 111.07 85.26 
43.61 110.86 85.26 
43.40 110.64 85.26 
43.18 110.43 85.26 
42.97 110.21 85.26 
42.75 110.00 85.26 
42.54 109.79 85.26 
42.32 109.57 85.26 
42.32 109.14 85.26 
42.11 108.93 85.26 
41.68 108.93 85.26 
41.46 108.71 85.26 
41.25 108.50 85.26 
41.04 108.28 85.26 
41.04 107.85 85.26 
41.04 107.42 85.26 
41.04 106.99 85.26 
41.04 106.56 85.26 
41.04 106.13 85.26 
40.82 105.92 85.26 
40.61 105.70 85.26 
40.61 105.27 85.26 
40.61 104.84 85.26 
40.61 104.41 85.26 
40.61 103.98 85.26 
40.39 103.77 85.26 
40.18 103.55 85.26 
40.39 103.34 85.26 
40.61 103.13 85.26 
40.61 102.70 85.26 
40.61 102.27 85.26 
40.82 102.05 85.26 
41.04 101.84 85.26 
41.04 101.41 85.26 
41.25 101.19 85.26 
41.46 100.98 85.26 
41.46 100.55 85.26 
41.46 100.12 85.26 
41.68 99.90 85.26 
41.89 99.69 85.26 
41.89 99.26 85.26 
41.89 98.83 85.26 
42.11 98.61 85.26 
42.32 98.40 85.26 
42.32 97.97 85.26 
42.32 97.54 85.26 
42.54 97.32 85.26 
42.75 97.11 85.26 
42.75 96.68 85.26 
42.97 96.46 85.26 
43.18 96.25 85.26 
43.18 95.82 85.26 
43.40 95.61 85.26 
43.61 95.39 85.26 
43.61 94.96 85.26 
43.83 94.75 85.26 
44.04 94.53 85.26 
44.04 94.10 85.26 
44.26 93.89 85.26 
44.47 93.67 85.26 
44.69 93.46 85.26 
44.90 93.24 85.26 
45.12 93.03 85.26 
45.33 92.81 85.26 
45.33 92.38 85.26 
45.55 92.17 85.26 
45.76 91.95 85.26 
45.98 91.74 85.26 
46.19 91.52 85.26 
46.41 91.31 85.26 
46.62 91.09 85.26 
46.84 90.88 85.26 
47.05 90.66 85.26 
47.27 90.45 85.26 
47.48 90.23 85.26 
47.70 90.02 85.26 
47.91 89.80 85.26 
47.91 89.38 85.26 
48.13 89.16 85.26 
48.34 88.95 85.26 
48.55 88.73 85.26 
48.77 88.52 85.26 
48.98 88.30 85.26 
49.20 88.09 85.26 
49.41 87.87 85.26 
49.84 87.87 85.26 
50.06 87.66 85.26 
50.06 87.23 85.26 
50.27 87.01 85.26 
50.70 87.01 85.26 
50.92 86.80 85.26 
51.13 86.58 85.26 
51.35 86.37 85.26 
51.56 86.15 85.26 
51.78 85.94 85.26 
51.99 85.72 85.26 
52.21 85.51 85.26 
52.42 85.29 85.26 
52.64 85.08 85.26 
52.85 84.86 85.26 
53.07 84.65 85.26 
53.28 84.43 85.26 
53.71 84.43 85.26 
53.93 84.22 85.26 
54.14 84.00 85.26 
54.57 84.00 85.26 
54.79 83.79 85.26 
55.00 83.57 85.26 
55.43 83.57 85.26 
55.64 83.36 85.26 
55.86 83.14 85.26 
56.07 82.93 85.26 
56.29 82.71 85.26 
56.50 82.50 85.26 
56.72 82.29 85.26 
57.15 82.29 85.26 
57.36 82.07 85.26 
57.58 81.86 85.26 
58.01 81.86 85.26 
58.22 81.64 85.26 
58.44 81.43 85.26 
58.87 81.43 85.26 
59.30 81.43 85.26 
59.51 81.21 85.26 
59.73 81.00 85.26 
60.16 81.00 85.26 
60.59 81.00 85.26 
61.02 81.00 85.26 
61.23 80.78 85.26 
61.45 80.57 85.26 
61.88 80.57 85.26 
62.30 80.57 85.26 
62.73 80.57 85.26 
62.95 80.35 85.26 
63.16 80.14 85.26 
63.59 80.14 85.26 
64.02 80.14 85.26 
64.45 80.14 85.26 
64.88 80.14 85.26 
65.10 79.92 85.26 
65.31 79.71 85.26 
65.74 79.71 85.26 
66.17 79.71 85.26 
66.39 79.49 85.26 
66.60 79.28 85.26 
66.82 79.06 85.26 
67.03 78.85 85.26 
67.46 78.85 85.26 
67.89 78.85 85.26 
68.32 78.85 85.26 
68.75 78.85 85.26 
68.96 78.63 85.26 
69.18 78.42 85.26 
69.39 78.63 85.26 
69.61 78.85 85.26 
70.04 78.85 85.26 
70.47 78.85 85.26 
70.90 78.85 85.26 
71.33 78.85 85.26 
71.76 78.85 85.26 
72.19 78.85 85.26 
72.62 78.85 85.26 
73.05 78.85 85.26 
73.48 78.85 85.26 
73.69 78.63 85.26 
73.91 78.42 85.26 
74.34 78.42 85.26 
74.55 78.20 85.26 
74.77 77.99 85.26 
75.20 77.99 85.26 
75.63 77.99 85.26 
76.05 77.99 85.26 
76.27 77.77 85.26 
76.48 77.56 85.26 
76.91 77.56 85.26 
77.34 77.56 85.26 
77.77 77.56 85.26 
77.99 77.34 85.26 
78.20 77.13 85.26 
78.63 77.13 85.26 
79.06 77.13 85.26 
79.49 77.13 85.26 
79.92 77.13 85.26 
80.14 76.91 85.26 
80.35 76.70 85.26 
80.78 76.70 85.26 
81.00 76.48 85.26 
81.21 76.27 85.26 
81.43 76.48 85.26 
81.64 76.70 85.26 
81.86 76.48 85.26 
82.07 76.27 85.26 
82.50 76.27 85.26 
82.93 76.27 85.26 
83.14 76.48 85.26 
83.36 76.70 85.26 
83.79 76.70 85.26 
84.00 76.48 85.26 
84.22 76.27 85.26 
84.65 76.27 85.26 
85.08 76.27 85.26 
85.51 76.27 85.26 
85.72 76.48 85.26 
85.94 76.70 85.26 
86.37 76.70 85.26 
86.80 76.70 85.26 
87.23 76.70 85.26 
87.66 76.70 85.26 
88.09 76.70 85.26 
88.52 76.70 85.26 
88.95 76.70 85.26 
89.16 76.91 85.26 
89.38 77.13 85.26 
89.80 77.13 85.26 
90.23 77.13 85.26 
90.66 77.13 85.26 
91.09 77.13 85.26 
91.52 77.13 85.26 
91.95 77.13 85.26 
92.17 77.34 85.26 
92.38 77.56 85.26 
92.81 77.56 85.26 
93.24 77.56 85.26 
93.67 77.56 85.26 
94.10 77.56 85.26 
94.32 77.77 85.26 
94.53 77.99 85.26 
94.96 77.99 85.26 
95.39 77.99 85.26 
95.61 78.20 85.26 
95.82 78.42 85.26 
96.25 78.42 85.26 
96.68 78.42 85.26 
97.11 78.42 85.26 
97.32 78.63 85.26 
97.54 78.85 85.26 
97.97 78.85 85.26 
98.40 78.85 85.26 
98.61 79.06 85.26 
98.83 79.28 85.26 
99.26 79.28 85.26 
99.47 79.49 85.26 
99.69 79.71 85.26 
100.12 79.71 85.26 
100.33 79.92 85.26 
100.55 80.14 85.26 
100.98 80.14 85.26 
101.19 80.35 85.26 
101.41 80.57 85.26 
101.62 80.78 85.26 
101.84 81.00 85.26 
102.05 81.21 85.26 
102.27 81.43 85.26 
102.70 81.43 85.26 
102.91 81.64 85.26 
103.13 81.86 85.26 
103.34 82.07 85.26 
103.55 82.29 85.26 
103.77 82.50 85.26 
103.98 82.71 85.26 
104.41 82.71 85.26 
104.63 82.93 85.26 
104.84 83.14 85.26 
105.06 83.36 85.26 
105.06 83.79 85.26 
105.27 84.00 85.26 
105.49 84.22 85.26 
105.70 84.43 85.26 
105.92 84.65 85.26 
106.13 84.86 85.26 
106.35 85.08 85.26 
106.56 85.29 85.26 
106.78 85.51 85.26 
106.99 85.72 85.26 
107.21 85.94 85.26 
107.42 86.15 85.26 
107.64 86.37 85.26 
107.85 86.58 85.26 
108.07 86.80 85.26 
108.28 87.01 85.26 
108.50 87.23 85.26 
108.71 87.44 85.26 
108.93 87.66 85.26 
108.93 88.09 85.26 
109.14 88.30 85.26 
109.36 88.52 85.26 
109.36 88.95 85.26 
109.57 89.16 85.26 
109.79 89.38 85.26 
109.79 89.80 85.26 
110.00 90.02 85.26 
110.21 90.23 85.26 
110.21 90.66 85.26 
110.21 91.09 85.26 
110.43 91.31 85.26 
110.64 91.52 85.26 
110.64 91.95 85.26 
110.64 92.38 85.26 
110.64 92.81 85.26 
110.64 93.24 85.26 
110.86 93.46 85.26 
111.07 93.67 85.26 
111.07 94.10 85.26 
111.07 94.53 85.26 
111.07 94.96 85.26 
111.07 95.39 85.26 
111.07 95.82 85.26 
111.07 96.25 85.26 
111.07 96.68 85.26 
111.07 97.11 85.26 
111.07 97.54 85.26 
111.07 97.97 85.26 
111.07 98.40 85.26 
111.07 98.83 85.26 
111.07 99.26 85.26 
111.07 99.69 85.26 
111.07 100.12 85.26 
111.07 100.55 85.26 
111.07 100.98 85.26 
111.07 101.41 85.26 
111.07 101.84 85.26 
111.07 102.27 85.26 
111.07 102.70 85.26 
111.07 103.13 85.26 
110.86 103.34 85.26 
110.64 103.55 85.26 
110.64 103.98 85.26 
110.64 104.41 85.26 
110.64 104.84 85.26 
110.43 105.06 85.26 
110.21 105.27 85.26 
110.21 105.70 85.26 
110.21 106.13 85.26 
110.21 106.56 85.26 
110.00 106.78 85.26 
109.79 106.99 85.26 
109.79 107.42 85.26 
109.57 107.64 85.26 
109.36 107.85 85.26 
109.36 108.28 85.26 
109.36 108.71 85.26 
109.14 108.93 85.26 
108.93 109.14 85.26 
108.93 109.57 85.26 
108.71 109.79 85.26 
108.50 110.00 85.26 
108.28 110.21 85.26 
108.07 110.43 85.26 
108.07 110.86 85.26 
107.85 111.07 85.26 
107.64 111.29 85.26 
107.64 111.72 85.26 
107.42 111.93 85.26 
107.21 112.15 85.26 
107.21 112.58 85.26 
106.99 112.79 85.26 
106.78 113.01 85.26 
106.56 113.22 85.26 
106.35 113.44 85.26 
106.13 113.65 85.26 
105.92 113.87 85.26 
105.70 114.08 85.26 
105.49 114.30 85.26 
105.27 114.51 85.26 
105.06 114.73 85.26 
104.84 114.94 85.26 
104.41 114.94 85.26 
103.98 114.94 85.26 
103.77 115.16 85.26 
103.55 115.37 85.26 
43.40 103.77 89.32 
43.18 103.55 89.32 
42.97 103.34 89.32 
42.75 103.13 89.32 
42.54 102.91 89.32 
42.32 102.70 89.32 
42.32 102.27 89.32 
42.11 102.05 89.32 
41.89 101.84 89.32 
41.89 101.41 89.32 
41.89 100.98 89.32 
42.11 100.76 89.32 
42.32 100.55 89.32 
42.32 100.12 89.32 
42.32 99.69 89.32 
42.54 99.47 89.32 
42.75 99.26 89.32 
42.75 98.83 89.32 
42.75 98.40 89.32 
42.75 97.97 89.32 
42.75 97.54 89.32 
42.97 97.32 89.32 
43.18 97.11 89.32 
43.18 96.68 89.32 
43.40 96.46 89.32 
43.61 96.25 89.32 
43.61 95.82 89.32 
43.61 95.39 89.32 
43.83 95.18 89.32 
44.04 94.96 89.32 
44.26 94.75 89.32 
44.47 94.53 89.32 
44.47 94.10 89.32 
44.69 93.89 89.32 
44.90 93.67 89.32 
44.90 93.24 89.32 
45.12 93.03 89.32 
45.33 92.81 89.32 
45.55 92.60 89.32 
45.76 92.38 89.32 
45.76 91.95 89.32 
45.98 91.74 89.32 
46.19 91.52 89.32 
46.41 91.31 89.32 
46.62 91.09 89.32 
46.62 90.66 89.32 
46.84 90.45 89.32 
47.05 90.23 89.32 
47.27 90.02 89.32 
47.48 89.80 89.32 
47.70 89.59 89.32 
47.91 89.38 89.32 
48.13 89.16 89.32 
48.34 88.95 89.32 
48.55 88.73 89.32 
48.77 88.52 89.32 
48.98 88.30 89.32 
49.20 88.09 89.32 
49.41 87.87 89.32 
49.63 87.66 89.32 
49.84 87.44 89.32 
50.06 87.23 89.32 
50.27 87.01 89.32 
50.49 86.80 89.32 
50.70 86.58 89.32 
50.92 86.37 89.32 
51.13 86.15 89.32 
51.35 85.94 89.32 
51.56 85.72 89.32 
51.78 85.51 89.32 
51.99 85.29 89.32 
52.42 85.29 89.32 
52.64 85.08 89.32 
52.85 84.86 89.32 
53.07 84.65 89.32 
53.28 84.43 89.32 
53.50 84.22 89.32 
53.71 84.00 89.32 
53.93 83.79 89.32 
54.14 83.57 89.32 
54.57 83.57 89.32 
55.00 83.57 89.32 
55.21 83.36 89.32 
55.43 83.14 89.32 
55.64 82.93 89.32 
55.86 82.71 89.32 
56.29 82.71 89.32 
56.72 82.71 89.32 
56.93 82.50 89.32 
57.15 82.29 89.32 
57.58 82.29 89.32 
58.01 82.29 89.32 
58.22 82.07 89.32 
58.44 81.86 89.32 
58.87 81.86 89.32 
59.30 81.86 89.32 
59.73 81.86 89.32 
59.94 81.64 89.32 
60.16 81.43 89.32 
60.59 81.43 89.32 
61.02 81.43 89.32 
61.23 81.21 89.32 
61.45 81.00 89.32 
61.88 81.00 89.32 
62.30 81.00 89.32 
62.73 81.00 89.32 
62.95 80.78 89.32 
63.16 80.57 89.32 
63.59 80.57 89.32 
64.02 80.57 89.32 
64.45 80.57 89.32 
64.88 80.57 89.32 
65.10 80.35 89.32 
65.31 80.14 89.32 
65.53 79.92 89.32 
65.74 79.71 89.32 
66.17 79.71 89.32 
66.60 79.71 89.32 
66.82 79.49 89.32 
67.03 79.28 89.32 
67.46 79.28 89.32 
67.89 79.28 89.32 
68.32 79.28 89.32 
68.75 79.28 89.32 
69.18 79.28 89.32 
69.61 79.28 89.32 
69.82 79.49 89.32 
70.04 79.71 89.32 
70.47 79.71 89.32 
70.90 79.71 89.32 
71.33 79.71 89.32 
71.54 79.49 89.32 
71.76 79.28 89.32 
72.19 79.28 89.32 
72.62 79.28 89.32 
72.83 79.06 89.32 
73.05 78.85 89.32 
73.48 78.85 89.32 
73.91 78.85 89.32 
74.12 78.63 89.32 
74.34 78.42 89.32 
74.55 78.20 89.32 
74.77 77.99 89.32 
74.98 78.20 89.32 
75.20 78.42 89.32 
75.41 78.20 89.32 
75.63 77.99 89.32 
75.84 77.77 89.32 
76.05 77.56 89.32 
76.48 77.56 89.32 
76.91 77.56 89.32 
77.34 77.56 89.32 
77.56 77.34 89.32 
77.77 77.13 89.32 
77.99 76.91 89.32 
78.20 76.70 89.32 
78.63 76.70 89.32 
78.85 76.48 89.32 
79.06 76.27 89.32 
79.49 76.27 89.32 
79.71 76.05 89.32 
79.92 75.84 89.32 
80.35 75.84 89.32 
80.78 75.84 89.32 
81.21 75.84 89.32 
81.64 75.84 89.32 
82.07 75.84 89.32 
82.50 75.84 89.32 
82.93 75.84 89.32 
83.36 75.84 89.32 
83.79 75.84 89.32 
84.22 75.84 89.32 
84.65 75.84 89.32 
85.08 75.84 89.32 
85.29 76.05 89.32 
85.51 76.27 89.32 
85.94 76.27 89.32 
86.37 76.27 89.32 
86.80 76.27 89.32 
87.23 76.27 89.32 
87.66 76.27 89.32 
88.09 76.27 89.32 
88.52 76.27 89.32 
88.73 76.48 89.32 
88.95 76.70 89.32 
89.38 76.70 89.32 
89.80 76.70 89.32 
90.23 76.70 89.32 
90.66 76.70 89.32 
91.09 76.70 89.32 
91.52 76.70 89.32 
91.95 76.70 89.32 
92.38 76.70 89.32 
92.81 76.70 89.32 
93.03 76.91 89.32 
93.24 77.13 89.32 
93.67 77.13 89.32 
93.89 77.34 89.32 
94.10 77.56 89.32 
94.53 77.56 89.32 
94.96 77.56 89.32 
95.39 77.56 89.32 
95.61 77.77 89.32 
95.82 77.99 89.32 
96.25 77.99 89.32 
96.68 77.99 89.32 
97.11 77.99 89.32 
97.32 78.20 89.32 
97.54 78.42 89.32 
97.97 78.42 89.32 
98.40 78.42 89.32 
98.61 78.63 89.32 
98.83 78.85 89.32 
99.26 78.85 89.32 
99.47 79.06 89.32 
99.69 79.28 89.32 
99.90 79.49 89.32 
100.12 79.71 89.32 
100.55 79.71 89.32 
100.76 79.92 89.32 
100.98 80.14 89.32 
101.41 80.14 89.32 
101.62 80.35 89.32 
101.84 80.57 89.32 
102.27 80.57 89.32 
102.48 80.78 89.32 
102.70 81.00 89.32 
102.91 81.21 89.32 
103.13 81.43 89.32 
103.55 81.43 89.32 
103.98 81.43 89.32 
104.20 81.64 89.32 
104.20 82.07 89.32 
104.41 82.29 89.32 
104.63 82.50 89.32 
104.84 82.71 89.32 
105.06 82.93 89.32 
105.27 83.14 89.32 
105.49 83.36 89.32 
105.70 83.57 89.32 
105.92 83.79 89.32 
105.92 84.22 89.32 
106.13 84.43 89.32 
106.35 84.65 89.32 
106.56 84.86 89.32 
106.78 85.08 89.32 
106.99 85.29 89.32 
107.21 85.51 89.32 
107.42 85.72 89.32 
107.64 85.94 89.32 
107.85 86.15 89.32 
108.07 86.37 89.32 
108.28 86.58 89.32 
108.71 86.58 89.32 
108.93 86.80 89.32 
108.93 87.23 89.32 
108.93 87.66 89.32 
109.14 87.87 89.32 
109.36 88.09 89.32 
109.36 88.52 89.32 
109.57 88.73 89.32 
109.79 88.95 89.32 
109.79 89.38 89.32 
109.79 89.80 89.32 
109.79 90.23 89.32 
109.79 90.66 89.32 
110.00 90.88 89.32 
110.21 91.09 89.32 
110.21 91.52 89.32 
110.43 91.74 89.32 
110.64 91.95 89.32 
110.64 92.38 89.32 
110.86 92.60 89.32 
111.07 92.81 89.32 
111.07 93.24 89.32 
111.07 93.67 89.32 
111.07 94.10 89.32 
111.07 94.53 89.32 
111.07 94.96 89.32 
111.07 95.39 89.32 
111.07 95.82 89.32 
111.07 96.25 89.32 
111.29 96.46 89.32 
111.50 96.68 89.32 
111.50 97.11 89.32 
111.50 97.54 89.32 
111.50 97.97 89.32 
111.50 98.40 89.32 
111.29 98.61 89.32 
111.07 98.83 89.32 
111.29 99.04 89.32 
111.50 99.26 89.32 
111.50 99.69 89.32 
111.50 100.12 89.32 
111.50 100.55 89.32 
111.50 100.98 89.32 
111.50 101.41 89.32 
111.29 101.62 89.32 
111.07 101.84 89.32 
111.07 102.27 89.32 
111.07 102.70 89.32 
111.07 103.13 89.32 
111.07 103.55 89.32 
111.07 103.98 89.32 
110.86 104.20 89.32 
110.64 104.41 89.32 
110.64 104.84 89.32 
110.64 105.27 89.32 
110.43 105.49 89.32 
110.21 105.70 89.32 
110.21 106.13 89.32 
110.21 106.56 89.32 
110.00 106.78 89.32 
109.79 106.99 89.32 
109.79 107.42 89.32 
109.79 107.85 89.32 
109.57 108.07 89.32 
109.36 108.28 89.32 
109.36 108.71 89.32 
109.36 109.14 89.32 
109.14 109.36 89.32 
108.93 109.57 89.32 
108.93 110.00 89.32 
108.71 110.21 89.32 
108.50 110.43 89.32 
108.50 110.86 89.32 
108.28 111.07 89.32 
108.07 111.29 89.32 
108.07 111.72 89.32 
107.85 111.93 89.32 
107.64 112.15 89.32 
107.42 112.36 89.32 
107.21 112.58 89.32 
106.99 112.79 89.32 
106.78 113.01 89.32 
106.78 113.44 89.32 
106.56 113.65 89.32 
106.35 113.87 89.32 
106.13 114.08 89.32 
105.92 114.30 89.32 
105.70 114.51 89.32 
105.27 114.51 89.32 
105.06 114.73 89.32 
104.84 114.94 89.32 
104.63 115.16 89.32 
73.26 79.92 93.38 
73.48 79.71 93.38 
73.91 79.71 93.38 
74.12 79.49 93.38 
74.12 79.06 93.38 
74.34 78.85 93.38 
74.77 78.85 93.38 
74.98 78.63 93.38 
75.20 78.42 93.38 
75.63 78.42 93.38 
76.05 78.42 93.38 
76.27 78.20 93.38 
76.48 77.99 93.38 
76.91 77.99 93.38 
77.34 77.99 93.38 
77.56 77.77 93.38 
77.77 77.56 93.38 
78.20 77.56 93.38 
78.63 77.56 93.38 
79.06 77.56 93.38 
79.49 77.56 93.38 
79.71 77.34 93.38 
79.92 77.13 93.38 
80.35 77.13 93.38 
80.78 77.13 93.38 
81.21 77.13 93.38 
81.64 77.13 93.38 
82.07 77.13 93.38 
82.50 77.13 93.38 
82.71 76.91 93.38 
82.93 76.70 93.38 
83.36 76.70 93.38 
83.79 76.70 93.38 
84.22 76.70 93.38 
84.65 76.70 93.38 
85.08 76.70 93.38 
85.51 76.70 93.38 
85.94 76.70 93.38 
86.37 76.70 93.38 
86.80 76.70 93.38 
87.23 76.70 93.38 
87.66 76.70 93.38 
88.09 76.70 93.38 
88.52 76.70 93.38 
88.95 76.70 93.38 
89.38 76.70 93.38 
89.80 76.70 93.38 
90.23 76.70 93.38 
90.45 76.91 93.38 
90.66 77.13 93.38 
91.09 77.13 93.38 
91.52 77.13 93.38 
91.95 77.13 93.38 
92.38 77.13 93.38 
92.60 77.34 93.38 
92.81 77.56 93.38 
93.24 77.56 93.38 
93.67 77.56 93.38 
94.10 77.56 93.38 
94.53 77.56 93.38 
94.75 77.77 93.38 
94.96 77.99 93.38 
95.39 77.99 93.38 
95.82 77.99 93.38 
96.04 78.20 93.38 
96.25 78.42 93.38 
96.68 78.42 93.38 
97.11 78.42 93.38 
97.32 78.63 93.38 
97.54 78.85 93.38 
97.97 78.85 93.38 
98.18 79.06 93.38 
98.40 79.28 93.38 
98.83 79.28 93.38 
99.04 79.49 93.38 
99.26 79.71 93.38 
99.69 79.71 93.38 
99.90 79.92 93.38 
100.12 80.14 93.38 
100.33 80.35 93.38 
100.55 80.57 93.38 
100.98 80.57 93.38 
101.19 80.78 93.38 
101.41 81.00 93.38 
101.84 81.00 93.38 
102.27 81.00 93.38 
102.48 81.21 93.38 
102.70 81.43 93.38 
102.91 81.64 93.38 
102.91 82.07 93.38 
103.13 82.29 93.38 
103.55 82.29 93.38 
103.77 82.50 93.38 
103.98 82.71 93.38 
104.20 82.93 93.38 
104.41 83.14 93.38 
104.63 83.36 93.38 
104.84 83.57 93.38 
105.27 83.57 93.38 
105.49 83.79 93.38 
105.70 84.00 93.38 
105.92 84.22 93.38 
106.13 84.43 93.38 
106.35 84.65 93.38 
106.56 84.86 93.38 
106.78 85.08 93.38 
106.78 85.51 93.38 
106.99 85.72 93.38 
107.21 85.94 93.38 
107.42 86.15 93.38 
107.64 86.37 93.38 
107.64 86.80 93.38 
107.85 87.01 93.38 
108.07 87.23 93.38 
108.28 87.44 93.38 
108.50 87.66 93.38 
108.50 88.09 93.38 
108.50 88.52 93.38 
108.71 88.73 93.38 
108.93 88.95 93.38 
108.93 89.38 93.38 
108.93 89.80 93.38 
108.93 90.23 93.38 
109.14 90.45 93.38 
109.36 90.66 93.38 
109.36 91.09 93.38 
109.36 91.52 93.38 
109.36 91.95 93.38 
109.57 92.17 93.38 
109.79 92.38 93.38 
109.79 92.81 93.38 
109.79 93.24 93.38 
109.79 93.67 93.38 
110.00 93.89 93.38 
110.21 94.10 93.38 
110.21 94.53 93.38 
110.21 94.96 93.38 
110.21 95.39 93.38 
110.21 95.82 93.38 
110.21 96.25 93.38 
110.21 96.68 93.38 
110.21 97.11 93.38 
110.43 97.32 93.38 
110.64 97.54 93.38 
110.64 97.97 93.38 
110.64 98.40 93.38 
110.64 98.83 93.38 
110.64 99.26 93.38 
110.64 99.69 93.38 
110.64 100.12 93.38 
110.64 100.55 93.38 
110.64 100.98 93.38 
110.43 101.19 93.38 
110.21 101.41 93.38 
110.43 101.62 93.38 
110.64 101.84 93.38 
110.64 102.27 93.38 
110.43 102.48 93.38 
110.21 102.70 93.38 
110.21 103.13 93.38 
110.21 103.55 93.38 
110.21 103.98 93.38 
110.21 104.41 93.38 
110.00 104.63 93.38 
109.79 104.84 93.38 
109.79 105.27 93.38 
109.79 105.70 93.38 
109.79 106.13 93.38 
109.57 106.35 93.38 
109.36 106.56 93.38 
109.36 106.99 93.38 
109.36 107.42 93.38 
109.14 107.64 93.38 
108.93 107.85 93.38 
108.93 108.28 93.38 
108.71 108.50 93.38 
108.50 108.71 93.38 
108.50 109.14 93.38 
108.28 109.36 93.38 
108.07 109.57 93.38 
108.07 110.00 93.38 
107.85 110.21 93.38 
107.64 110.43 93.38 
107.42 110.64 93.38 
107.21 110.86 93.38 
106.99 111.07 93.38 
106.78 111.29 93.38 
106.56 111.50 93.38 
106.35 111.72 93.38 
88.30 78.20 97.44 
88.52 77.99 97.44 
88.95 77.99 97.44 
89.38 77.99 97.44 
89.59 77.77 97.44 
89.80 77.56 97.44 
90.23 77.56 97.44 
90.66 77.56 97.44 
90.88 77.77 97.44 
91.09 77.99 97.44 
91.52 77.99 97.44 
91.95 77.99 97.44 
92.38 77.99 97.44 
92.81 77.99 97.44 
93.24 77.99 97.44 
93.46 78.20 97.44 
93.67 78.42 97.44 
94.10 78.42 97.44 
94.53 78.42 97.44 
94.75 78.63 97.44 
94.96 78.85 97.44 
95.39 78.85 97.44 
95.82 78.85 97.44 
96.04 79.06 97.44 
96.25 79.28 97.44 
96.46 79.49 97.44 
96.68 79.71 97.44 
97.11 79.71 97.44 
97.54 79.71 97.44 
97.75 79.92 97.44 
97.97 80.14 97.44 
98.18 80.35 97.44 
98.40 80.57 97.44 
98.83 80.57 97.44 
99.04 80.78 97.44 
99.26 81.00 97.44 
99.69 81.00 97.44 
99.90 81.21 97.44 
100.12 81.43 97.44 
100.55 81.43 97.44 
100.76 81.64 97.44 
100.98 81.86 97.44 
101.19 82.07 97.44 
101.19 82.50 97.44 
101.41 82.71 97.44 
101.84 82.71 97.44 
102.05 82.93 97.44 
102.27 83.14 97.44 
102.48 83.36 97.44 
102.48 83.79 97.44 
102.70 84.00 97.44 
103.13 84.00 97.44 
103.55 84.00 97.44 
103.77 84.22 97.44 
103.77 84.65 97.44 
103.98 84.86 97.44 
104.20 85.08 97.44 
104.41 85.29 97.44 
104.63 85.51 97.44 
104.84 85.72 97.44 
105.06 85.94 97.44 
105.27 86.15 97.44 
105.49 86.37 97.44 
105.70 86.58 97.44 
105.92 86.80 97.44 
105.92 87.23 97.44 
106.13 87.44 97.44 
106.35 87.66 97.44 
106.56 87.87 97.44 
106.78 88.09 97.44 
106.78 88.52 97.44 
106.99 88.73 97.44 
107.21 88.95 97.44 
107.42 89.16 97.44 
107.64 89.38 97.44 
107.64 89.80 97.44 
107.64 90.23 97.44 
107.64 90.66 97.44 
107.85 90.88 97.44 
108.07 91.09 97.44 
108.07 91.52 97.44 
108.07 91.95 97.44 
108.28 92.17 97.44 
108.50 92.38 97.44 
108.50 92.81 97.44 
108.71 93.03 97.44 
108.93 93.24 97.44 
108.93 93.67 97.44 
108.93 94.10 97.44 
109.14 94.32 97.44 
109.36 94.53 97.44 
109.14 94.75 97.44 
108.93 94.96 97.44 
108.71 95.18 97.44 
108.50 95.39 97.44 
