2.15 
2.13 
2.32 
2.19 
2.04 
1.92 
3.47 
2.72 
1.92 
1.52 
1.36 
2.13 
2.45 
2.51 
2.38 
2.15 
2.15 
3.27 
2.51 
2.19 
2.04 
1.72 
2.15 
2.51 
2.32 
2.22 
3.40 
2.60 
1.92 
2.32 
2.32 
1.92 
3.47 
2.72 
2.15 
1.55 
2.04 
2.45 
2.15 
2.19 
2.04 
2.19 
2.62 
1.92 
1.36 
2.15 
2.51 
2.22 
3.40 
3.27 
2.80 
2.04 
1.52 
1.92 
2.32 
2.32 
2.13 
2.15 
3.55 
2.88 
2.19 
1.55 
2.04 
2.13 
2.22 
2.72 
2.15 
1.36 
2.13 
2.13 
2.13 
2.13 
2.15 
2.32 
3.34 
2.22 
2.13 
2.13 
2.13 
1.92 
2.13 
3.04 
2.43 
2.32 
1.26 
1.22 
1.82 
2.04 
2.12 
3.06 
2.45 
2.15 
1.36 
1.51 
1.71 
1.82 
1.82 
2.15 
2.15 
3.10 
2.51 
1.71 
1.82 
2.21 
2.32 
1.92 
1.21 
1.22 
1.09 
1.51 
1.76 
1.82 
1.84 
2.21 
2.88 
2.45 
2.15 
2.04 
1.22 
0.95 
1.09 
1.28 
1.63 
1.82 
1.82 
2.72 
2.51 
0.91 
1.71 
1.84 
2.87 
2.32 
1.92 
0.91 
0.67 
1.25 
1.51 
1.81 
3.04 
2.46 
2.05 
0.91 
0.92 
0.43 
0.67 
0.61 
1.22 
1.36 
1.82 
2.51 
2.12 
0.67 
1.09 
1.25 
1.72 
2.73 
1.82 
0.61 
0.43 
0.96 
1.21 
1.52 
2.32 
1.82 
0.91 
1.22 
1.36 
2.43 
2.12 
1.82 
0.30 
0.43 
0.30 
0.92 
1.25 
2.43 
2.14 
1.55 
0.91 
0.91 
0.91 
1.22 
2.43 
2.12 
1.64 
0.91 
0.86 
1.26 
2.45 
1.77 
0.68 
0.96 
2.51 
1.82 
0.91 
0.61 
0.43 
0.68 
2.32 
1.82 
1.51 
0.91 
0.61 
1.82 
1.36 
0.91 
0.61 
2.12 
1.51 
1.25 
0.91 
0.91 
2.15 
2.13 
1.29 
1.22 
0.91 
0.91 
1.94 
1.09 
1.22 
0.91 
0.96 
0.91 
0.91 
0.61 
1.52 
0.91 
0.92 
0.96 
0.43 
1.36 
0.96 
0.43 
0.68 
0.30 
0.30 
1.25 
0.61 
0.43 
0.69 
0.30 
0.30 
0.60 
0.30 
0.30 
0.91 
0.42 
0.67 
0.43 
0.68 
1.29 
0.86 
1.29 
0.30 
0.43 
1.51 
0.85 
0.43 
0.85 
1.63 
0.67 
0.30 
1.09 
1.77 
1.09 
0.30 
1.25 
2.05 
1.51 
0.61 
0.68 
1.51 
2.32 
1.53 
0.91 
1.25 
0.96 
2.51 
1.36 
1.82 
2.58 
1.55 
0.30 
1.22 
1.63 
2.12 
2.38 
1.82 
0.61 
1.29 
2.04 
2.19 
2.12 
0.92 
0.91 
1.51 
2.42 
2.43 
2.32 
0.91 
1.77 
2.44 
2.44 
2.43 
1.22 
1.92 
2.72 
2.51 
2.73 
1.51 
2.72 
2.75 
3.04 
2.15 
2.88 
2.88 
3.04 
1.64 
1.77 
0.31 
2.32 
3.10 
3.47 
3.17 
3.34 
1.55 
0.69 
3.34 
3.55 
1.82 
2.51 
3.36 
3.67 
3.65 
3.67 
2.13 
0.30 
1.10 
2.62 
3.44 
3.85 
3.89 
0.61 
1.52 
3.66 
3.85 
2.45 
2.72 
3.87 
3.87 
3.87 
3.89 
2.57 
0.91 
1.82 
2.88 
3.44 
3.66 
3.87 
3.87 
3.89 
2.57 
1.22 
2.13 
3.17 
3.66 
3.87 
2.61 
1.52 
3.44 
3.27 
3.44 
3.87 
2.43 
3.44 
3.13 
3.44 
3.85 
3.85 
2.71 
2.04 
1.77 
2.72 
3.28 
3.67 
3.67 
3.17 
2.88 
2.32 
2.99 
3.44 
3.47 
3.44 
3.55 
3.43 
3.27 
3.44 
3.44 
3.27 
3.55 
3.43 
2.51 
3.47 
3.54 
3.39 
3.47 
3.47 
2.75 
3.27 
3.44 
3.44 
3.44 
3.45 
0.30 
0.61 
0.30 
3.01 
3.54 
3.13 
3.27 
3.47 
3.47 
3.27 
0.60 
0.91 
3.47 
3.44 
3.47 
3.27 
3.10 
0.91 
1.22 
3.04 
3.04 
3.13 
3.66 
3.96 
3.72 
3.27 
3.18 
1.51 
1.22 
3.13 
3.66 
3.44 
3.44 
3.23 
3.28 
3.89 
3.18 
3.10 
1.51 
3.87 
3.47 
3.87 
3.85 
3.27 
3.13 
1.77 
1.82 
3.27 
3.27 
3.44 
3.67 
3.13 
3.04 
1.92 
2.12 
3.13 
3.87 
3.39 
3.85 
3.76 
3.29 
2.88 
2.19 
2.04 
3.04 
3.87 
3.55 
3.39 
3.27 
3.95 
3.85 
3.47 
3.00 
2.15 
3.24 
4.09 
3.47 
3.47 
4.08 
3.67 
3.44 
3.13 
2.15 
2.15 
3.44 
4.30 
3.96 
3.55 
3.04 
2.04 
1.92 
2.38 
3.44 
4.24 
3.44 
3.27 
4.13 
3.72 
3.40 
3.27 
2.88 
2.19 
2.58 
3.66 
3.10 
4.32 
3.89 
3.55 
3.00 
2.38 
2.58 
3.27 
4.06 
3.85 
3.17 
4.30 
3.85 
3.47 
3.13 
2.58 
2.58 
3.13 
4.13 
3.67 
3.27 
3.95 
3.56 
3.04 
2.58 
2.81 
3.28 
4.24 
3.80 
3.39 
4.24 
4.06 
3.67 
2.88 
2.51 
3.04 
3.47 
4.08 
3.96 
3.55 
4.06 
3.85 
3.55 
3.00 
2.60 
3.13 
3.27 
3.96 
3.85 
4.13 
3.10 
2.72 
3.29 
3.39 
4.13 
3.95 
3.47 
4.24 
3.67 
3.56 
3.47 
2.88 
2.51 
3.47 
3.55 
4.30 
4.08 
3.66 
4.35 
3.96 
3.80 
3.65 
3.10 
3.00 
2.60 
3.44 
3.47 
4.35 
3.87 
4.43 
3.36 
3.18 
2.87 
2.72 
3.66 
3.27 
4.43 
3.96 
3.87 
4.24 
3.89 
3.40 
3.27 
3.04 
3.70 
3.39 
4.13 
4.09 
4.35 
4.09 
3.47 
3.10 
2.75 
3.47 
3.47 
4.24 
4.24 
4.24 
4.43 
4.24 
3.27 
3.18 
2.81 
3.27 
3.55 
4.26 
3.95 
3.96 
4.51 
3.96 
3.41 
3.27 
2.88 
3.34 
3.67 
4.30 
3.95 
3.99 
4.56 
3.99 
3.47 
3.35 
3.00 
3.34 
3.47 
4.06 
3.95 
4.26 
4.06 
3.56 
3.34 
3.10 
3.34 
3.56 
4.13 
3.95 
4.06 
3.85 
3.65 
3.04 
2.88 
3.36 
3.67 
4.24 
3.96 
4.13 
3.96 
3.95 
3.34 
3.10 
3.06 
3.00 
3.10 
4.08 
4.24 
4.00 
4.06 
3.34 
3.04 
3.17 
3.56 
3.47 
4.22 
3.70 
4.06 
4.06 
4.06 
3.34 
3.00 
2.88 
2.75 
3.27 
3.67 
4.26 
3.76 
4.13 
4.13 
4.00 
3.34 
3.04 
2.88 
2.81 
3.04 
3.76 
3.85 
4.24 
4.24 
3.66 
3.36 
3.03 
2.99 
3.06 
3.85 
3.95 
3.65 
4.26 
3.65 
3.34 
3.35 
3.04 
3.04 
3.10 
4.27 
3.95 
3.65 
4.06 
4.26 
3.65 
3.34 
3.03 
3.06 
3.17 
3.65 
4.30 
4.13 
4.27 
3.65 
3.34 
3.04 
3.10 
0.31 
3.27 
3.66 
3.65 
4.24 
4.30 
3.65 
3.03 
3.17 
0.61 
3.40 
3.76 
3.70 
4.06 
3.65 
4.26 
4.00 
3.34 
3.04 
3.04 
3.03 
3.04 
3.27 
0.92 
3.47 
3.85 
3.85 
3.65 
4.26 
3.96 
3.34 
3.04 
3.04 
3.34 
1.22 
3.27 
3.65 
3.34 
3.95 
3.95 
3.65 
3.04 
3.34 
3.34 
1.51 
3.34 
3.65 
3.65 
3.34 
3.95 
3.95 
3.56 
3.04 
2.80 
2.75 
3.34 
1.77 
3.34 
3.65 
3.95 
3.34 
3.95 
3.95 
3.47 
3.04 
2.88 
3.34 
1.82 
3.34 
3.64 
3.95 
3.34 
3.95 
3.40 
3.03 
2.99 
3.34 
1.82 
3.34 
3.65 
3.95 
3.95 
3.36 
3.04 
2.99 
3.34 
1.85 
1.84 
3.17 
3.27 
3.56 
3.65 
3.34 
3.96 
3.34 
3.03 
2.88 
3.34 
1.82 
3.10 
3.47 
3.34 
3.03 
4.00 
3.56 
3.34 
3.04 
2.80 
3.03 
1.82 
3.06 
3.40 
3.34 
3.06 
3.99 
3.47 
3.34 
2.99 
2.75 
3.04 
1.77 
3.04 
3.36 
3.34 
3.40 
3.96 
3.39 
3.34 
2.88 
2.74 
3.03 
1.64 
2.99 
3.34 
3.34 
3.46 
3.95 
3.36 
3.34 
2.80 
2.73 
3.04 
1.55 
2.88 
3.34 
3.34 
3.56 
3.95 
3.34 
3.34 
2.75 
2.75 
3.04 
1.53 
2.81 
3.34 
3.36 
3.63 
3.95 
3.34 
3.34 
2.74 
2.75 
3.04 
1.51 
2.75 
3.27 
3.65 
3.65 
3.34 
3.27 
2.73 
2.74 
3.04 
1.77 
3.04 
3.17 
3.55 
3.85 
3.27 
3.17 
3.04 
2.73 
3.04 
1.64 
3.04 
3.10 
3.47 
3.63 
3.75 
3.47 
3.10 
3.04 
2.74 
3.04 
1.55 
3.05 
3.00 
3.39 
3.65 
3.67 
3.39 
3.05 
2.74 
2.74 
2.73 
3.27 
3.04 
1.53 
3.27 
2.88 
3.36 
3.64 
3.55 
3.04 
2.73 
2.73 
3.18 
1.36 
3.18 
3.10 
3.65 
3.47 
3.36 
3.27 
3.04 
2.74 
3.10 
1.26 
3.04 
3.00 
3.28 
3.55 
3.67 
3.65 
3.18 
3.00 
2.73 
3.06 
1.22 
1.22 
2.87 
2.88 
3.13 
3.47 
3.55 
3.55 
3.10 
2.88 
3.04 
2.74 
1.22 
2.72 
3.10 
3.27 
3.47 
3.06 
2.80 
3.00 
2.73 
1.22 
2.60 
3.00 
3.18 
3.39 
3.47 
3.39 
3.04 
2.75 
2.88 
2.74 
1.22 
2.51 
2.88 
3.10 
3.36 
3.28 
3.27 
3.27 
3.04 
2.80 
2.73 
1.51 
2.45 
2.80 
3.06 
3.55 
3.13 
3.47 
3.18 
3.03 
2.72 
2.74 
1.52 
2.32 
2.58 
3.04 
3.39 
2.99 
3.29 
3.05 
2.60 
2.62 
1.36 
2.51 
2.38 
3.27 
3.27 
2.88 
3.13 
3.10 
3.00 
2.51 
2.72 
1.55 
2.45 
2.19 
3.18 
3.47 
3.10 
3.27 
2.88 
2.72 
2.60 
1.52 
2.43 
2.32 
3.10 
3.27 
3.18 
2.80 
2.60 
2.51 
1.52 
2.74 
2.51 
3.29 
3.00 
3.18 
3.10 
2.72 
2.51 
2.75 
1.77 
2.74 
3.27 
3.13 
2.88 
3.10 
3.27 
2.88 
2.75 
2.74 
1.92 
2.72 
2.45 
3.18 
3.27 
2.80 
3.27 
3.18 
2.80 
2.74 
2.62 
1.85 
2.60 
2.32 
3.01 
3.18 
2.72 
3.18 
3.10 
2.75 
2.74 
2.45 
1.82 
2.22 
3.04 
3.04 
2.88 
3.04 
3.00 
2.74 
3.04 
2.32 
2.13 
2.51 
2.15 
2.87 
2.88 
2.62 
2.99 
2.51 
2.15 
2.75 
2.43 
2.72 
2.87 
2.80 
3.13 
2.72 
2.88 
2.37 
2.15 
2.74 
2.43 
2.72 
2.62 
3.00 
3.10 
2.60 
3.09 
2.18 
2.03 
2.72 
2.32 
2.88 
2.88 
2.72 
2.88 
3.27 
2.51 
2.99 
2.31 
1.91 
2.60 
2.51 
3.04 
3.10 
3.10 
3.18 
2.88 
2.21 
2.51 
2.87 
2.88 
3.10 
2.72 
2.80 
2.14 
2.14 
2.71 
2.45 
2.72 
3.00 
3.10 
3.06 
3.00 
2.88 
2.61 
2.14 
2.03 
2.59 
2.32 
2.88 
3.00 
3.03 
3.18 
2.88 
2.80 
2.71 
2.18 
0.43 
1.91 
2.50 
2.22 
2.88 
3.01 
2.88 
2.87 
3.44 
2.71 
0.86 
2.14 
2.44 
2.15 
3.10 
2.72 
3.47 
2.88 
2.88 
2.31 
0.91 
2.12 
2.43 
2.31 
3.00 
2.81 
3.04 
3.29 
2.80 
3.00 
2.21 
0.92 
2.13 
2.57 
2.50 
2.88 
2.62 
3.13 
2.88 
3.13 
2.57 
2.80 
2.14 
1.26 
2.31 
2.72 
3.10 
3.00 
2.60 
2.61 
2.18 
1.36 
2.21 
2.60 
2.45 
3.04 
3.27 
3.27 
2.45 
2.71 
2.03 
1.53 
2.14 
2.45 
2.43 
2.87 
2.88 
3.18 
2.88 
2.59 
1.91 
2.42 
2.30 
2.71 
2.72 
2.81 
3.01 
3.18 
3.01 
2.30 
2.49 
2.14 
0.31 
1.82 
1.82 
2.43 
2.49 
2.60 
2.88 
2.75 
3.04 
2.81 
2.49 
2.57 
2.14 
0.43 
1.82 
2.43 
2.44 
2.50 
3.04 
3.13 
2.62 
2.71 
2.37 
1.94 
0.67 
2.74 
2.42 
3.01 
3.01 
3.13 
2.88 
2.18 
1.76 
1.09 
2.13 
2.73 
2.75 
3.01 
2.81 
3.27 
2.72 
1.22 
2.12 
2.71 
3.03 
2.58 
3.00 
3.18 
2.88 
2.80 
2.31 
1.91 
1.25 
2.13 
2.72 
2.60 
2.99 
2.81 
2.88 
3.01 
2.80 
2.61 
2.50 
2.14 
2.43 
2.88 
2.50 
2.88 
2.62 
2.62 
3.01 
2.81 
2.61 
2.71 
2.57 
2.14 
1.55 
2.43 
2.80 
2.71 
2.72 
2.72 
3.12 
2.86 
2.88 
1.94 
1.52 
1.52 
2.43 
2.75 
2.60 
3.09 
3.01 
2.62 
2.99 
2.80 
2.57 
1.72 
2.43 
2.74 
2.51 
3.35 
2.88 
2.88 
2.72 
2.88 
2.57 
2.37 
1.77 
2.43 
2.72 
2.75 
3.23 
2.81 
2.81 
3.01 
2.80 
2.19 
1.77 
1.92 
2.62 
2.88 
3.00 
2.62 
2.58 
2.81 
2.88 
2.57 
2.32 
1.63 
1.85 
2.45 
2.80 
2.74 
2.58 
3.01 
2.57 
2.61 
2.21 
1.55 
1.82 
2.32 
2.75 
2.72 
3.03 
2.72 
2.58 
2.57 
2.15 
1.82 
2.13 
2.51 
3.04 
2.88 
3.12 
2.58 
3.04 
2.71 
2.19 
2.13 
2.13 
2.45 
2.99 
2.80 
2.99 
2.88 
2.58 
2.61 
2.88 
2.04 
2.13 
2.43 
2.88 
2.75 
2.88 
2.80 
2.58 
2.58 
3.13 
2.71 
1.92 
2.19 
0.30 
2.32 
2.74 
3.04 
2.57 
2.38 
3.00 
2.60 
3.00 
2.32 
2.74 
3.10 
2.99 
3.03 
2.57 
2.51 
2.15 
2.88 
2.50 
3.00 
2.15 
2.21 
0.68 
2.51 
2.72 
2.99 
2.88 
3.12 
2.43 
2.15 
1.09 
2.72 
2.88 
2.57 
2.32 
1.92 
3.10 
2.57 
3.00 
1.25 
2.60 
2.88 
3.10 
3.10 
3.27 
3.36 
2.37 
2.80 
2.58 
2.15 
1.22 
2.51 
3.01 
2.99 
3.36 
2.57 
2.19 
1.77 
2.14 
2.61 
2.58 
2.15 
1.36 
2.75 
3.04 
2.88 
3.28 
3.43 
2.15 
3.27 
2.71 
2.37 
2.74 
2.86 
3.04 
3.13 
3.23 
2.57 
1.82 
1.72 
2.14 
2.59 
2.19 
1.92 
1.55 
2.58 
2.72 
2.86 
3.00 
2.51 
2.15 
1.82 
3.12 
2.14 
2.51 
1.77 
1.36 
1.51 
2.62 
2.88 
2.72 
3.27 
3.00 
2.86 
2.15 
2.88 
3.47 
2.32 
1.84 
1.55 
2.61 
2.18 
2.58 
2.15 
1.72 
1.55 
2.72 
3.04 
3.00 
1.82 
1.82 
2.37 
2.15 
1.72 
1.82 
2.59 
2.86 
3.10 
3.67 
2.19 
1.25 
2.57 
2.31 
2.15 
1.82 
2.51 
2.72 
3.27 
3.85 
3.00 
1.51 
0.91 
2.21 
2.15 
1.72 
1.72 
2.62 
2.88 
3.17 
3.03 
2.03 
0.92 
2.57 
2.14 
2.15 
2.58 
2.37 
1.51 
1.77 
2.45 
2.80 
3.01 
3.89 
1.63 
1.22 
0.91 
2.57 
2.15 
1.29 
2.32 
2.80 
2.58 
3.01 
3.96 
3.00 
1.55 
2.14 
2.58 
1.36 
1.92 
2.51 
3.04 
3.03 
1.51 
0.91 
0.61 
2.51 
2.14 
2.15 
2.58 
2.15 
2.75 
2.86 
3.01 
4.08 
2.15 
1.55 
2.73 
2.72 
3.04 
4.08 
3.03 
1.25 
0.67 
0.43 
2.32 
2.14 
2.58 
1.72 
2.32 
2.58 
2.88 
2.86 
0.96 
0.43 
0.30 
2.46 
1.94 
2.15 
2.58 
1.51 
2.51 
3.04 
2.72 
3.96 
3.00 
0.67 
2.62 
1.71 
1.36 
2.62 
2.62 
2.88 
3.89 
0.43 
2.58 
2.15 
2.58 
2.45 
2.72 
3.13 
3.17 
3.03 
1.76 
1.94 
2.37 
1.55 
0.31 
2.32 
2.88 
3.27 
3.01 
3.87 
3.27 
2.38 
1.91 
1.77 
2.19 
1.72 
0.43 
3.01 
2.14 
1.92 
2.32 
1.51 
2.51 
3.01 
3.44 
3.87 
3.12 
2.14 
1.36 
0.61 
2.58 
3.01 
3.44 
3.01 
3.87 
3.03 
2.04 
1.92 
2.15 
2.51 
1.55 
0.61 
2.58 
2.80 
3.44 
3.01 
2.14 
2.14 
2.15 
1.51 
0.69 
2.37 
2.58 
3.23 
3.87 
2.86 
2.14 
2.59 
2.72 
1.29 
0.96 
2.15 
2.58 
3.47 
3.66 
3.44 
3.84 
1.92 
2.15 
2.21 
2.19 
3.44 
3.89 
3.95 
2.45 
2.14 
2.15 
1.36 
1.22 
2.62 
3.71 
4.06 
1.77 
2.15 
2.15 
1.54 
1.29 
2.31 
2.72 
3.44 
3.55 
3.47 
3.85 
2.04 
2.18 
2.15 
1.51 
2.50 
2.88 
3.44 
3.67 
1.72 
2.19 
1.52 
1.36 
3.55 
3.67 
1.64 
1.95 
2.37 
2.18 
2.15 
2.32 
1.72 
1.55 
2.58 
3.01 
3.44 
1.26 
2.15 
2.57 
1.94 
1.51 
2.58 
3.01 
3.44 
3.47 
3.71 
3.55 
1.94 
1.72 
2.51 
1.72 
1.29 
3.23 
3.89 
0.91 
1.92 
2.57 
2.15 
3.01 
2.80 
1.77 
1.36 
2.58 
2.88 
3.44 
3.23 
3.01 
1.64 
2.37 
1.63 
2.58 
2.72 
3.44 
3.44 
3.87 
0.68 
1.36 
2.57 
2.58 
3.04 
1.55 
1.55 
0.43 
1.82 
1.72 
2.58 
2.62 
3.44 
3.66 
3.44 
3.85 
1.29 
2.57 
2.62 
3.13 
2.58 
2.58 
3.44 
3.87 
3.67 
2.57 
2.72 
3.27 
2.13 
1.72 
2.58 
3.01 
2.80 
3.44 
1.29 
3.17 
2.32 
3.87 
3.55 
2.57 
2.88 
3.01 
1.52 
1.72 
2.51 
3.01 
3.44 
3.87 
1.29 
3.01 
2.51 
1.36 
0.30 
2.32 
3.01 
3.44 
3.36 
1.52 
2.57 
3.01 
2.80 
2.72 
1.55 
3.87 
3.47 
3.39 
1.72 
3.01 
2.45 
2.62 
0.68 
2.19 
2.88 
3.44 
3.87 
2.57 
2.80 
2.32 
2.88 
1.72 
1.09 
2.15 
2.72 
3.27 
3.27 
1.72 
2.62 
2.58 
2.80 
1.72 
3.39 
3.85 
1.52 
2.57 
2.62 
2.51 
1.36 
2.15 
2.62 
3.55 
3.95 
3.10 
1.29 
2.57 
2.58 
2.58 
1.72 
1.55 
2.15 
2.58 
3.47 
4.06 
1.36 
2.58 
2.58 
1.72 
2.15 
2.58 
3.85 
2.88 
2.57 
2.62 
1.72 
3.44 
2.72 
1.55 
2.58 
2.72 
2.58 
1.51 
1.72 
1.72 
2.15 
2.58 
3.27 
3.67 
2.44 
2.57 
2.58 
2.58 
1.36 
2.15 
3.01 
2.80 
3.40 
3.55 
2.15 
1.36 
2.62 
1.72 
3.55 
1.92 
2.57 
2.58 
2.58 
2.58 
1.55 
1.55 
2.37 
2.15 
3.01 
3.47 
3.47 
1.29 
2.57 
2.58 
1.72 
1.36 
2.51 
2.75 
3.27 
1.77 
2.58 
2.58 
2.51 
1.72 
3.27 
3.40 
1.85 
1.29 
2.50 
2.58 
2.62 
2.60 
1.29 
2.32 
2.51 
3.40 
3.47 
1.92 
2.72 
1.72 
1.72 
1.51 
2.19 
2.72 
2.60 
3.55 
1.77 
1.36 
2.31 
2.37 
2.58 
2.72 
1.72 
3.47 
3.27 
1.77 
1.64 
2.18 
2.15 
2.72 
2.62 
1.72 
2.15 
2.62 
3.27 
3.13 
1.63 
1.92 
2.15 
2.62 
2.58 
1.72 
1.72 
2.15 
2.58 
2.14 
2.58 
1.72 
2.15 
3.13 
3.04 
1.25 
1.92 
2.15 
2.58 
1.72 
1.72 
2.37 
2.51 
3.04 
3.27 
3.17 
2.14 
2.58 
2.58 
1.92 
1.85 
2.51 
2.32 
3.23 
0.91 
1.77 
2.14 
2.15 
2.58 
1.72 
2.32 
2.45 
3.44 
3.04 
0.61 
2.15 
2.58 
1.72 
1.77 
2.62 
2.75 
1.52 
1.72 
2.14 
2.58 
2.58 
1.72 
1.72 
2.19 
2.58 
3.27 
0.30 
0.43 
1.22 
2.15 
2.80 
2.51 
2.15 
2.58 
3.10 
2.51 
1.26 
2.18 
2.15 
3.01 
2.60 
1.72 
1.72 
1.92 
2.88 
2.60 
1.36 
2.31 
1.92 
2.88 
2.72 
1.94 
0.43 
1.55 
2.04 
2.50 
2.99 
2.72 
0.86 
1.10 
2.62 
2.15 
0.69 
1.63 
2.19 
2.31 
3.10 
2.62 
2.31 
1.77 
2.72 
2.58 
2.15 
0.86 
1.77 
2.45 
2.80 
0.61 
2.18 
1.72 
2.62 
2.14 
0.86 
1.72 
2.15 
2.61 
2.88 
2.88 
2.37 
2.58 
2.58 
0.96 
1.72 
2.15 
2.58 
2.72 
0.43 
2.57 
1.72 
2.80 
2.58 
1.92 
1.92 
2.86 
2.72 
1.72 
3.01 
2.58 
1.77 
1.21 
1.55 
2.03 
2.51 
3.04 
2.73 
0.61 
2.57 
1.94 
1.72 
0.96 
1.63 
2.19 
2.32 
3.01 
2.75 
0.69 
2.49 
2.15 
3.01 
2.58 
1.72 
1.09 
1.77 
2.15 
2.15 
2.51 
0.86 
2.15 
3.01 
2.80 
1.29 
1.55 
1.92 
2.21 
2.88 
2.59 
2.88 
3.01 
1.84 
1.72 
1.29 
1.63 
2.03 
2.32 
2.72 
2.32 
0.86 
2.71 
2.19 
2.72 
3.01 
1.92 
1.29 
1.77 
2.15 
2.19 
2.86 
2.45 
0.61 
2.61 
2.32 
2.88 
1.72 
2.37 
3.04 
2.62 
2.45 
2.62 
2.72 
1.77 
1.51 
1.29 
1.55 
1.92 
2.51 
2.88 
2.80 
0.43 
2.50 
2.62 
2.58 
1.72 
1.55 
1.63 
1.77 
2.32 
2.99 
2.88 
0.43 
2.31 
2.58 
2.80 
2.51 
1.72 
1.77 
1.94 
3.10 
2.71 
3.01 
2.32 
1.72 
1.36 
1.84 
2.15 
2.15 
2.88 
2.80 
0.68 
2.18 
2.58 
2.88 
2.45 
1.84 
1.29 
1.92 
1.92 
2.21 
2.88 
0.86 
2.37 
2.58 
2.72 
2.62 
1.92 
1.51 
1.77 
2.03 
2.32 
2.72 
1.10 
2.57 
2.58 
2.86 
2.58 
1.77 
1.55 
1.94 
2.15 
2.15 
2.51 
2.71 
1.22 
2.57 
2.80 
3.04 
2.51 
1.94 
1.36 
2.15 
1.92 
1.92 
2.59 
2.61 
1.26 
3.01 
2.88 
2.32 
2.15 
1.51 
2.03 
2.03 
2.72 
2.80 
2.50 
2.45 
1.92 
1.72 
2.03 
1.92 
2.15 
2.15 
2.51 
2.88 
1.36 
2.59 
2.88 
2.72 
2.62 
2.03 
1.52 
2.15 
1.92 
1.92 
2.59 
2.71 
1.29 
2.71 
2.99 
2.86 
2.58 
2.19 
1.22 
0.30 
2.03 
2.03 
2.72 
1.52 
2.61 
3.12 
3.04 
2.80 
2.15 
1.25 
0.61 
1.92 
2.15 
2.15 
2.51 
2.86 
2.80 
3.03 
3.01 
2.88 
2.21 
1.36 
0.67 
2.03 
1.92 
1.92 
2.59 
3.03 
1.52 
2.88 
2.88 
3.17 
2.72 
2.32 
1.29 
0.86 
2.13 
2.04 
2.04 
2.72 
2.88 
1.22 
2.99 
3.27 
2.86 
2.15 
1.51 
0.91 
1.82 
2.13 
2.15 
2.51 
2.71 
2.72 
3.09 
3.13 
3.04 
1.92 
1.52 
0.96 
1.85 
1.82 
2.21 
2.60 
2.80 
0.31 
0.43 
0.68 
0.96 
2.62 
2.88 
3.04 
2.88 
1.77 
1.52 
1.09 
1.92 
1.85 
2.32 
2.71 
2.88 
2.80 
2.99 
3.17 
2.99 
1.85 
1.55 
1.21 
1.77 
1.92 
2.13 
2.43 
2.71 
2.88 
3.09 
3.27 
3.04 
2.21 
1.63 
1.22 
1.94 
2.04 
2.13 
2.43 
2.74 
2.72 
2.88 
3.10 
2.75 
2.32 
1.77 
1.21 
2.12 
2.13 
2.15 
2.43 
2.87 
2.71 
3.17 
2.51 
2.13 
1.55 
1.25 
2.13 
1.82 
2.21 
2.45 
2.73 
2.86 
3.27 
2.60 
1.82 
1.76 
1.63 
1.35 
2.12 
1.85 
2.31 
2.50 
2.43 
3.04 
3.03 
3.09 
2.72 
1.85 
1.85 
1.52 
2.13 
1.91 
2.43 
2.60 
2.46 
3.03 
3.04 
3.17 
2.80 
2.21 
1.91 
1.55 
2.14 
2.04 
2.43 
2.71 
2.51 
3.04 
3.03 
3.27 
2.88 
2.31 
1.92 
1.64 
2.15 
2.12 
2.12 
2.43 
2.60 
3.06 
3.04 
3.34 
2.99 
2.14 
1.84 
1.77 
2.12 
2.13 
2.13 
2.43 
2.72 
3.10 
3.04 
3.34 
3.09 
2.04 
1.91 
1.82 
1.82 
2.14 
2.12 
2.12 
2.43 
2.74 
3.18 
3.04 
3.06 
3.03 
2.99 
2.88 
2.45 
1.82 
1.82 
2.15 
2.13 
2.12 
2.13 
2.43 
2.73 
3.27 
3.04 
3.09 
3.03 
2.44 
1.86 
1.51 
1.92 
2.14 
2.14 
2.43 
2.43 
3.04 
3.06 
3.17 
3.06 
2.43 
1.92 
1.36 
2.05 
2.21 
2.12 
2.46 
2.46 
3.04 
3.10 
3.27 
3.09 
2.43 
1.63 
1.25 
2.12 
2.43 
2.31 
2.14 
2.51 
2.51 
3.04 
3.18 
3.34 
3.17 
2.14 
1.55 
1.22 
2.14 
2.43 
2.15 
2.60 
2.60 
3.27 
3.34 
3.27 
2.21 
1.51 
1.22 
2.12 
2.32 
2.15 
2.72 
2.72 
3.04 
3.35 
3.34 
3.34 
2.31 
1.53 
1.22 
2.14 
2.21 
2.12 
2.74 
2.87 
3.04 
3.36 
3.35 
3.34 
2.43 
1.55 
1.22 
2.12 
2.15 
2.14 
2.73 
2.99 
3.04 
3.41 
3.40 
3.34 
2.74 
1.64 
1.22 
2.12 
2.14 
2.12 
2.12 
2.74 
2.88 
3.04 
3.47 
3.39 
3.34 
2.73 
1.77 
1.22 
2.14 
2.13 
2.13 
2.73 
2.80 
3.04 
3.57 
3.36 
3.27 
2.15 
2.43 
1.82 
1.22 
2.12 
2.12 
2.12 
2.43 
2.99 
3.67 
3.34 
3.17 
2.22 
1.82 
1.82 
1.09 
2.13 
2.13 
2.13 
2.43 
2.75 
2.88 
3.70 
3.34 
3.06 
3.10 
2.60 
1.82 
0.96 
2.12 
2.03 
2.12 
2.43 
2.73 
2.80 
3.65 
3.65 
3.04 
2.72 
1.82 
1.22 
2.13 
1.92 
2.13 
2.32 
2.74 
2.75 
3.65 
3.64 
3.04 
2.72 
2.13 
1.22 
2.43 
1.84 
2.12 
2.21 
2.73 
2.73 
3.95 
3.65 
3.04 
2.88 
2.13 
1.26 
2.43 
1.82 
2.13 
2.15 
2.74 
3.95 
3.95 
3.04 
2.80 
1.82 
1.36 
2.32 
2.13 
2.43 
2.43 
3.04 
2.74 
3.95 
3.95 
3.04 
2.75 
1.77 
1.36 
2.13 
2.43 
2.74 
2.99 
3.06 
3.95 
3.95 
3.04 
2.74 
1.64 
1.25 
2.44 
2.51 
2.13 
2.43 
2.73 
2.88 
2.99 
3.85 
3.95 
3.95 
3.04 
2.72 
1.55 
1.22 
2.32 
2.32 
2.43 
2.62 
2.80 
2.88 
3.75 
3.95 
3.34 
2.60 
1.82 
1.36 
2.22 
2.22 
2.32 
2.72 
2.72 
2.80 
3.69 
3.95 
3.34 
2.45 
2.51 
1.82 
1.25 
2.15 
2.15 
2.51 
2.60 
2.59 
2.75 
3.95 
3.34 
2.43 
1.77 
1.21 
2.13 
2.45 
2.22 
2.50 
3.04 
3.95 
3.96 
3.95 
3.27 
3.34 
2.38 
1.64 
1.36 
2.43 
2.13 
2.32 
2.14 
2.72 
2.99 
3.95 
4.23 
2.19 
1.55 
1.26 
2.43 
2.43 
2.50 
2.31 
2.60 
4.42 
3.40 
3.47 
2.32 
1.82 
1.22 
2.22 
2.31 
2.43 
2.38 
2.50 
2.51 
2.88 
4.08 
4.35 
3.27 
2.22 
1.82 
1.29 
2.14 
2.31 
2.19 
2.45 
2.37 
3.10 
4.07 
4.23 
3.18 
2.14 
1.72 
1.10 
2.50 
2.32 
2.32 
2.15 
3.06 
4.07 
4.14 
3.01 
2.15 
1.72 
0.96 
2.32 
2.45 
2.22 
2.51 
3.04 
4.11 
4.05 
3.01 
1.95 
1.36 
1.53 
1.22 
2.22 
2.32 
2.15 
2.38 
2.15 
3.27 
4.11 
4.24 
2.81 
1.77 
1.10 
2.15 
2.51 
2.43 
2.15 
1.95 
3.17 
4.06 
4.13 
2.62 
1.92 
1.55 
0.96 
2.19 
2.46 
2.43 
1.77 
3.04 
4.11 
3.95 
2.72 
1.86 
1.29 
1.52 
2.05 
2.32 
2.32 
2.19 
1.92 
4.11 
3.81 
2.60 
1.72 
1.22 
1.92 
2.51 
2.51 
2.32 
2.15 
3.13 
4.06 
3.66 
2.51 
1.72 
1.36 
1.10 
2.15 
2.46 
2.58 
2.22 
2.99 
4.08 
3.84 
2.71 
1.77 
1.55 
0.86 
2.05 
2.32 
2.38 
2.15 
2.15 
2.60 
3.66 
2.88 
1.92 
1.53 
0.96 
1.92 
2.51 
2.19 
2.19 
2.19 
2.51 
4.11 
4.11 
3.43 
3.09 
1.86 
1.36 
0.91 
2.15 
2.32 
2.32 
2.05 
2.75 
4.11 
3.46 
2.99 
1.72 
1.55 
0.61 
2.19 
2.60 
2.72 
2.22 
1.92 
3.04 
3.54 
2.88 
1.72 
1.72 
0.43 
2.05 
2.51 
2.51 
2.15 
2.15 
4.16 
3.00 
1.77 
1.55 
0.31 
0.31 
1.92 
2.62 
3.34 
4.24 
3.66 
2.80 
1.92 
1.36 
2.15 
2.58 
2.46 
2.19 
2.15 
3.44 
4.14 
3.84 
2.57 
1.86 
1.10 
2.62 
2.32 
2.32 
2.15 
3.89 
3.66 
2.57 
1.71 
0.86 
2.15 
2.46 
2.51 
2.51 
3.27 
3.87 
3.43 
1.71 
0.69 
1.95 
2.32 
2.58 
2.15 
3.13 
3.43 
2.57 
0.31 
0.31 
1.77 
2.51 
2.58 
1.95 
3.87 
3.43 
2.57 
1.71 
1.92 
2.58 
2.62 
2.58 
2.19 
1.95 
1.72 
3.04 
3.87 
3.23 
2.14 
2.37 
1.28 
1.51 
2.15 
2.32 
2.45 
2.38 
3.01 
3.87 
3.00 
1.95 
2.45 
2.62 
2.15 
2.32 
2.81 
3.00 
2.18 
1.28 
1.77 
2.32 
2.51 
2.19 
2.22 
2.58 
3.87 
2.31 
1.28 
1.92 
2.58 
2.32 
2.15 
3.87 
3.00 
2.50 
1.35 
2.51 
2.58 
2.15 
2.51 
3.00 
1.54 
2.15 
2.61 
2.51 
2.32 
3.87 
3.00 
2.31 
2.15 
2.71 
2.58 
2.58 
2.15 
2.05 
3.87 
3.00 
2.18 
1.71 
2.38 
2.38 
2.15 
1.77 
3.85 
2.14 
1.71 
2.15 
2.88 
2.19 
2.15 
3.00 
2.18 
1.71 
2.15 
3.00 
2.32 
2.58 
2.38 
2.15 
1.72 
3.67 
3.00 
2.15 
2.80 
2.51 
2.15 
1.52 
3.55 
2.31 
1.71 
2.57 
2.58 
1.36 
3.00 
2.50 
1.85 
1.71 
2.15 
2.57 
2.57 
2.58 
2.19 
1.36 
3.47 
3.23 
3.00 
2.50 
1.91 
2.19 
2.57 
2.38 
1.10 
3.44 
3.43 
1.76 
2.57 
2.15 
2.32 
0.69 
3.24 
3.23 
2.31 
2.46 
2.32 
2.50 
2.57 
2.15 
2.51 
0.43 
3.01 
3.00 
2.18 
1.71 
2.62 
2.71 
2.60 
2.61 
2.22 
0.30 
3.47 
3.24 
3.00 
2.14 
1.76 
2.58 
2.57 
2.15 
1.92 
3.26 
3.17 
1.76 
2.61 
2.15 
2.19 
2.05 
3.55 
2.99 
2.14 
2.58 
2.57 
2.57 
2.58 
2.38 
3.54 
2.86 
2.71 
2.14 
1.71 
2.58 
2.50 
2.50 
2.15 
3.03 
2.49 
2.37 
1.71 
2.50 
2.19 
3.47 
2.60 
2.50 
2.45 
2.31 
2.31 
2.32 
3.87 
3.67 
3.00 
2.31 
1.71 
2.72 
2.62 
2.19 
2.19 
2.88 
2.18 
1.55 
2.62 
2.51 
2.38 
2.19 
3.87 
2.71 
1.77 
1.64 
2.58 
2.15 
2.15 
3.85 
2.14 
2.51 
2.51 
2.32 
2.22 
1.92 
2.61 
1.91 
1.72 
2.72 
2.60 
2.72 
2.60 
2.15 
2.32 
3.67 
2.57 
1.76 
1.72 
2.22 
2.15 
1.77 
3.55 
2.80 
1.94 
2.43 
2.51 
2.32 
1.95 
2.88 
2.14 
1.55 
