0.31 
0.43 
0.61 
0.91 
0.96 
0.86 
1.10 
1.22 
0.96 
1.10 
1.22 
0.96 
1.10 
1.29 
1.22 
1.26 
1.36 
1.21 
1.25 
1.36 
1.22 
1.25 
1.36 
1.36 
1.26 
1.22 
1.22 
0.96 
1.09 
1.22 
1.22 
1.22 
1.22 
1.22 
1.22 
1.22 
1.25 
1.36 
1.51 
1.82 
1.82 
1.77 
1.64 
1.55 
1.52 
1.35 
1.25 
1.21 
1.22 
1.21 
1.09 
0.96 
0.91 
0.86 
0.67 
0.61 
0.30 
0.31 
0.43 
0.67 
0.91 
0.95 
1.09 
1.51 
1.71 
1.82 
2.13 
2.04 
1.92 
2.15 
2.04 
1.92 
2.15 
2.13 
2.13 
2.43 
2.72 
2.60 
2.51 
2.62 
2.72 
2.60 
2.50 
2.58 
2.58 
2.58 
2.62 
2.46 
2.32 
2.19 
2.15 
2.15 
2.15 
2.15 
2.15 
2.15 
1.92 
1.77 
1.95 
2.15 
1.92 
1.77 
1.95 
2.15 
2.15 
1.92 
2.05 
2.19 
2.15 
1.92 
2.05 
2.15 
1.92 
2.05 
2.19 
2.15 
2.22 
2.32 
2.14 
2.22 
2.31 
2.43 
2.43 
2.15 
2.22 
2.32 
2.44 
2.51 
2.32 
2.43 
2.43 
2.13 
2.12 
2.13 
2.12 
2.14 
2.12 
2.14 
2.12 
2.14 
2.12 
2.14 
2.12 
2.05 
1.92 
2.15 
2.14 
2.12 
2.15 
2.14 
2.13 
2.12 
2.13 
2.12 
1.94 
1.77 
1.92 
1.85 
1.82 
2.13 
2.03 
1.92 
2.15 
2.03 
1.92 
2.15 
1.94 
1.77 
1.92 
1.84 
1.77 
1.63 
1.55 
1.72 
1.77 
1.63 
1.55 
1.77 
1.63 
1.55 
1.72 
1.72 
1.77 
1.63 
1.55 
1.72 
1.72 
1.77 
1.92 
1.85 
1.72 
1.72 
1.72 
1.72 
1.51 
1.29 
1.36 
1.55 
1.72 
1.72 
1.72 
1.55 
1.36 
1.09 
0.68 
0.30 
0.43 
0.67 
0.61 
0.67 
1.09 
1.28 
1.51 
1.71 
1.82 
2.13 
2.13 
2.13 
2.32 
2.51 
2.45 
2.32 
2.51 
2.45 
2.32 
2.51 
2.72 
2.60 
2.51 
2.58 
2.62 
2.45 
2.31 
2.50 
2.57 
2.61 
2.71 
2.60 
2.50 
2.57 
2.57 
2.57 
2.80 
3.00 
2.88 
2.71 
2.61 
2.51 
2.32 
2.45 
2.62 
2.58 
2.51 
2.32 
2.46 
2.62 
2.58 
2.51 
2.60 
2.72 
2.51 
2.32 
2.46 
2.51 
2.32 
2.46 
2.51 
2.32 
2.45 
2.50 
2.31 
2.43 
2.43 
2.13 
2.13 
2.15 
2.22 
2.32 
2.13 
2.13 
2.13 
1.82 
1.84 
1.92 
2.03 
2.13 
2.12 
2.13 
2.12 
2.15 
2.21 
2.32 
2.43 
2.43 
2.31 
2.21 
2.14 
2.13 
2.12 
2.13 
2.12 
2.04 
1.91 
1.85 
1.82 
2.13 
2.04 
1.92 
1.85 
1.82 
2.13 
2.04 
1.92 
2.15 
2.03 
1.92 
2.15 
2.03 
1.92 
2.15 
2.03 
1.92 
2.15 
1.94 
1.77 
1.92 
2.15 
2.03 
1.92 
2.15 
2.19 
2.03 
1.92 
2.15 
2.15 
2.19 
2.04 
1.92 
2.15 
2.19 
2.32 
2.51 
2.37 
2.15 
2.15 
2.15 
2.19 
2.32 
2.51 
2.37 
2.15 
2.15 
2.15 
2.15 
2.15 
2.15 
2.15 
2.19 
2.32 
2.51 
2.58 
2.58 
2.58 
2.58 
2.58 
2.58 
2.58 
2.50 
2.31 
2.19 
2.15 
2.37 
2.58 
2.58 
2.51 
2.32 
2.45 
2.62 
2.51 
2.32 
2.15 
1.92 
1.77 
1.72 
1.82 
1.82 
1.55 
1.36 
1.51 
1.55 
1.36 
1.22 
1.25 
1.09 
0.68 
0.30 
0.30 
0.43 
0.68 
0.96 
0.91 
0.91 
0.91 
0.91 
0.91 
0.91 
0.91 
0.91 
0.91 
0.91 
0.92 
0.91 
0.96 
1.09 
1.22 
1.25 
1.63 
1.76 
1.82 
1.82 
1.82 
2.13 
2.13 
2.13 
2.32 
2.22 
2.15 
2.32 
2.51 
2.38 
2.19 
2.32 
2.22 
2.15 
2.32 
2.51 
2.38 
2.19 
2.31 
2.50 
2.57 
2.57 
2.61 
2.57 
2.57 
2.57 
2.51 
2.32 
2.19 
2.38 
2.58 
2.58 
2.58 
2.51 
2.32 
2.45 
2.62 
2.58 
2.51 
2.32 
2.46 
2.62 
2.51 
2.32 
2.19 
2.38 
2.58 
2.51 
2.32 
2.43 
2.43 
2.15 
2.22 
2.32 
2.19 
2.38 
2.50 
2.32 
2.45 
2.51 
2.32 
2.43 
2.43 
2.43 
2.43 
2.13 
2.12 
2.13 
2.12 
2.13 
2.12 
2.13 
2.12 
2.14 
2.12 
2.15 
2.15 
2.14 
2.12 
2.14 
2.12 
2.13 
2.12 
2.13 
2.12 
2.43 
2.43 
2.31 
2.21 
2.15 
2.13 
2.13 
2.32 
2.21 
2.15 
2.04 
1.92 
2.15 
2.03 
1.92 
2.15 
2.03 
1.92 
2.15 
2.32 
2.21 
2.15 
2.32 
2.51 
2.37 
2.19 
2.32 
2.21 
2.15 
2.32 
2.51 
2.58 
2.61 
2.45 
2.31 
2.50 
2.58 
2.58 
2.62 
2.45 
2.32 
2.51 
2.58 
2.62 
2.72 
2.60 
2.51 
2.75 
3.01 
3.01 
2.80 
2.58 
2.58 
2.58 
2.62 
2.72 
2.88 
3.01 
3.01 
3.01 
2.80 
2.58 
2.62 
2.72 
2.88 
3.01 
3.01 
2.88 
2.72 
2.62 
2.58 
2.58 
2.80 
3.01 
3.01 
2.88 
2.72 
2.62 
2.58 
2.73 
2.75 
2.51 
2.32 
2.45 
2.62 
2.51 
2.59 
2.72 
2.62 
2.58 
2.74 
2.75 
2.51 
2.60 
2.72 
2.51 
2.32 
2.13 
2.13 
2.13 
1.82 
1.85 
1.92 
1.77 
1.52 
1.52 
1.55 
1.25 
1.22 
1.09 
0.67 
0.43 
0.31 
0.30 
0.30 
0.43 
0.61 
0.91 
0.91 
0.61 
0.61 
0.61 
0.68 
0.86 
0.91 
1.22 
1.21 
1.25 
1.36 
1.51 
1.71 
1.82 
1.82 
1.84 
2.15 
2.04 
1.92 
2.15 
2.13 
2.13 
2.19 
2.04 
1.92 
2.15 
2.04 
1.92 
2.15 
2.32 
2.22 
2.15 
2.19 
2.32 
2.50 
2.58 
2.38 
2.15 
2.15 
2.15 
2.15 
2.38 
2.58 
2.58 
2.58 
2.38 
2.15 
2.38 
2.58 
2.51 
2.32 
2.19 
2.15 
2.38 
2.58 
2.58 
2.51 
2.32 
2.19 
2.15 
2.22 
2.32 
2.19 
2.15 
2.22 
2.32 
2.19 
2.15 
2.38 
2.51 
2.32 
2.45 
2.50 
2.31 
2.14 
2.22 
2.60 
2.72 
2.62 
2.73 
2.74 
2.43 
2.15 
2.21 
2.32 
2.43 
2.43 
2.43 
2.73 
2.74 
2.73 
2.74 
2.72 
2.60 
2.51 
2.46 
2.43 
2.43 
2.43 
2.43 
2.43 
2.71 
2.60 
2.50 
2.45 
2.43 
2.43 
2.43 
2.71 
2.60 
2.51 
2.72 
2.59 
2.51 
2.72 
2.59 
2.51 
2.72 
2.59 
2.51 
2.72 
2.88 
3.10 
2.99 
2.88 
3.04 
2.86 
2.72 
2.88 
3.01 
3.04 
2.86 
2.72 
2.88 
3.10 
2.99 
2.88 
3.10 
3.27 
3.44 
3.23 
3.04 
3.13 
3.27 
3.47 
3.55 
3.40 
3.27 
3.47 
3.55 
3.40 
3.27 
3.44 
3.47 
3.55 
3.39 
3.27 
3.44 
3.44 
3.44 
3.44 
3.44 
3.44 
3.44 
3.44 
3.44 
3.44 
3.44 
3.44 
3.44 
3.47 
3.44 
3.44 
3.44 
3.27 
3.13 
3.04 
2.88 
2.72 
2.86 
3.04 
2.80 
2.58 
2.80 
2.88 
2.72 
2.86 
3.04 
2.88 
2.72 
2.86 
3.04 
3.01 
2.88 
2.72 
2.74 
2.74 
2.43 
2.45 
2.51 
2.32 
2.45 
2.62 
2.43 
2.43 
2.43 
2.43 
2.43 
2.13 
2.12 
2.13 
1.82 
1.82 
1.82 
1.53 
1.36 
1.26 
0.92 
0.91 
0.86 
0.43 
0.30 
0.43 
0.68 
0.96 
1.26 
1.22 
1.25 
1.36 
1.52 
1.72 
1.82 
1.81 
1.84 
2.21 
2.21 
2.15 
2.12 
2.13 
2.32 
2.22 
2.15 
2.19 
2.32 
2.22 
2.15 
2.15 
1.95 
1.77 
1.92 
2.15 
2.19 
2.19 
2.15 
2.19 
2.05 
1.92 
2.22 
2.51 
2.32 
2.19 
2.15 
2.15 
2.15 
2.15 
2.15 
2.15 
2.22 
2.32 
2.19 
1.95 
1.72 
1.95 
2.15 
2.15 
2.15 
2.15 
1.92 
2.05 
2.19 
2.15 
2.15 
1.92 
1.77 
1.95 
2.15 
2.15 
2.37 
2.51 
2.60 
2.72 
2.50 
2.59 
2.72 
2.80 
2.88 
2.99 
3.04 
2.74 
2.73 
2.74 
2.73 
2.75 
2.80 
2.88 
2.99 
2.87 
2.72 
2.60 
2.51 
2.46 
2.43 
2.73 
2.74 
2.72 
2.60 
2.51 
2.46 
2.43 
2.73 
2.74 
2.71 
2.88 
2.80 
2.71 
2.88 
3.03 
2.86 
2.71 
2.88 
2.80 
2.61 
2.71 
2.88 
2.80 
2.71 
2.88 
2.80 
2.62 
2.45 
2.32 
2.51 
2.75 
2.73 
2.72 
2.88 
2.80 
2.62 
2.72 
2.60 
2.51 
2.75 
3.04 
3.27 
3.17 
3.04 
3.13 
3.27 
3.47 
3.40 
3.27 
3.47 
3.55 
3.67 
3.85 
4.06 
3.95 
3.85 
3.87 
3.87 
3.87 
3.87 
3.87 
3.66 
3.44 
3.44 
3.23 
3.01 
3.23 
3.47 
3.55 
3.67 
3.55 
3.47 
3.71 
3.89 
3.66 
3.44 
3.23 
3.01 
3.01 
3.01 
3.01 
2.88 
2.72 
2.86 
3.04 
3.01 
3.01 
3.01 
3.17 
3.27 
3.10 
2.88 
2.72 
2.86 
3.04 
2.88 
2.99 
3.10 
2.88 
2.99 
3.10 
2.88 
2.99 
3.04 
2.75 
2.80 
2.88 
2.72 
2.74 
2.75 
2.80 
2.88 
2.72 
2.73 
2.74 
2.43 
2.43 
2.42 
2.14 
2.21 
2.31 
2.13 
2.12 
2.14 
1.91 
2.03 
2.14 
1.91 
2.03 
2.15 
2.15 
2.13 
1.82 
1.85 
1.92 
1.77 
1.52 
1.52 
1.55 
1.36 
1.52 
1.51 
1.22 
1.22 
1.22 
1.22 
1.22 
1.26 
1.36 
1.53 
1.55 
1.64 
1.77 
1.51 
1.53 
1.55 
1.64 
1.77 
1.82 
1.82 
1.85 
1.84 
1.82 
1.82 
1.77 
1.51 
1.22 
0.92 
0.61 
0.31 
0.30 
0.43 
0.61 
0.91 
1.25 
1.63 
1.77 
1.77 
1.92 
1.85 
1.77 
1.92 
2.15 
2.44 
2.72 
2.88 
3.10 
3.27 
3.47 
3.39 
3.36 
3.55 
3.67 
3.85 
3.87 
3.89 
3.71 
3.55 
3.67 
3.85 
4.06 
3.95 
3.84 
3.87 
3.87 
3.87 
3.87 
3.89 
3.96 
4.08 
4.08 
3.96 
3.89 
3.85 
3.67 
3.47 
3.27 
3.13 
3.28 
3.36 
3.10 
2.88 
2.99 
3.04 
2.75 
2.80 
2.88 
2.72 
2.74 
2.75 
2.51 
2.60 
2.71 
2.50 
2.60 
2.71 
2.42 
2.44 
2.49 
2.30 
2.45 
2.60 
2.57 
2.43 
2.44 
2.50 
2.59 
2.71 
2.51 
2.60 
2.72 
2.74 
2.75 
2.51 
2.60 
2.72 
2.74 
2.74 
2.43 
2.45 
2.51 
2.32 
2.45 
2.51 
2.60 
2.72 
2.87 
3.04 
3.18 
3.27 
3.05 
3.04 
3.04 
2.75 
2.81 
2.88 
2.99 
3.04 
3.06 
3.10 
3.17 
3.27 
3.34 
3.34 
3.34 
3.34 
3.27 
3.47 
3.40 
3.27 
3.17 
3.10 
3.06 
3.04 
3.27 
3.17 
3.10 
3.36 
3.34 
3.34 
3.34 
3.27 
3.47 
3.70 
3.66 
3.44 
3.47 
3.29 
3.13 
3.04 
2.81 
2.58 
2.58 
2.58 
2.38 
2.15 
2.15 
2.12 
1.82 
1.51 
1.22 
0.91 
0.61 
0.30 
0.43 
0.68 
0.91 
1.26 
1.64 
2.04 
2.45 
2.86 
3.03 
3.12 
3.27 
3.17 
3.03 
3.00 
3.03 
3.03 
3.00 
3.03 
3.00 
3.00 
3.00 
3.00 
3.23 
3.43 
3.27 
3.12 
3.03 
2.88 
2.99 
3.12 
3.03 
3.00 
3.23 
3.35 
3.09 
2.88 
2.99 
3.03 
2.75 
2.50 
2.60 
2.71 
2.43 
2.45 
2.50 
2.31 
2.15 
2.22 
2.32 
2.45 
2.51 
2.32 
2.43 
2.43 
2.15 
2.22 
2.32 
2.45 
2.51 
2.32 
2.19 
2.38 
2.58 
2.80 
2.88 
3.00 
3.10 
2.88 
3.00 
3.10 
2.88 
3.00 
3.10 
3.17 
3.27 
3.34 
3.34 
3.34 
3.36 
3.40 
3.47 
3.56 
3.65 
3.64 
3.65 
3.65 
3.85 
3.76 
3.70 
3.66 
3.65 
3.85 
3.76 
3.67 
3.56 
3.47 
3.67 
3.56 
3.47 
3.67 
3.55 
3.47 
3.39 
3.27 
3.47 
3.55 
3.39 
3.27 
3.47 
3.28 
3.13 
3.27 
3.44 
3.44 
3.24 
3.04 
3.13 
3.27 
3.13 
3.04 
3.01 
2.75 
2.51 
2.32 
2.04 
1.77 
1.52 
1.22 
0.91 
0.61 
0.30 
0.43 
0.67 
0.96 
1.25 
1.51 
1.55 
1.63 
2.03 
2.19 
2.32 
2.51 
2.57 
2.57 
2.57 
2.57 
2.57 
2.80 
2.88 
2.72 
2.62 
2.81 
2.88 
2.72 
2.62 
2.81 
3.01 
3.01 
2.88 
2.72 
2.87 
3.04 
2.88 
3.00 
3.10 
2.88 
2.72 
2.87 
3.04 
2.88 
2.72 
2.87 
3.04 
3.01 
3.18 
3.27 
3.10 
3.18 
3.27 
3.04 
3.06 
3.10 
3.18 
3.27 
3.13 
3.28 
3.36 
3.39 
3.47 
3.55 
3.65 
3.36 
3.34 
3.34 
3.34 
3.34 
3.34 
3.65 
3.95 
3.95 
3.65 
3.65 
3.85 
4.06 
4.30 
4.27 
3.95 
3.95 
4.26 
4.22 
4.08 
4.24 
4.13 
4.06 
4.30 
4.26 
4.24 
4.43 
4.35 
4.30 
4.13 
3.96 
4.08 
4.24 
4.13 
4.06 
4.24 
4.30 
4.09 
3.87 
3.87 
3.87 
3.66 
3.44 
3.47 
3.54 
3.47 
3.27 
2.99 
2.72 
2.43 
2.13 
1.82 
1.52 
1.10 
0.69 
0.31 
0.43 
0.67 
0.91 
1.22 
1.51 
1.82 
1.82 
1.84 
2.15 
2.15 
2.19 
2.32 
2.51 
2.58 
2.58 
2.58 
2.58 
2.81 
2.88 
2.72 
2.62 
2.58 
2.81 
3.01 
2.75 
2.81 
2.88 
2.72 
2.62 
2.81 
3.01 
2.88 
3.00 
3.10 
2.88 
2.72 
2.87 
3.04 
3.18 
3.27 
3.13 
3.29 
3.47 
3.27 
3.39 
3.55 
3.36 
3.39 
3.47 
3.55 
3.65 
3.64 
3.65 
3.63 
3.65 
3.63 
3.56 
3.46 
3.40 
3.06 
3.03 
3.34 
3.34 
3.34 
3.34 
3.34 
3.65 
3.65 
3.65 
3.65 
3.65 
3.85 
3.76 
3.70 
3.96 
3.95 
3.95 
3.95 
3.95 
4.24 
4.13 
3.96 
4.08 
3.95 
3.85 
3.96 
3.80 
3.67 
3.85 
3.66 
3.44 
3.47 
3.55 
3.39 
3.27 
3.44 
3.23 
3.04 
3.13 
3.27 
3.44 
3.44 
3.44 
3.44 
3.17 
2.88 
2.72 
2.62 
2.51 
2.32 
2.15 
1.92 
1.77 
1.51 
1.29 
1.22 
0.91 
0.61 
0.30 
0.30 
0.43 
0.61 
0.91 
0.92 
0.91 
1.25 
1.55 
1.82 
1.82 
1.72 
1.77 
1.92 
2.15 
2.38 
2.58 
2.58 
2.58 
2.81 
3.01 
3.01 
3.01 
2.88 
3.00 
3.13 
3.04 
3.01 
3.18 
3.27 
3.13 
3.04 
2.88 
3.00 
3.10 
2.88 
2.72 
2.62 
2.80 
2.88 
2.72 
2.80 
2.88 
3.00 
3.10 
2.88 
2.99 
3.13 
3.28 
3.47 
3.55 
3.67 
3.47 
3.55 
3.67 
3.75 
3.85 
3.95 
3.95 
3.95 
3.96 
3.99 
4.00 
3.96 
3.95 
3.95 
3.95 
3.95 
4.26 
4.26 
4.24 
4.13 
4.06 
4.24 
4.13 
4.06 
4.24 
4.13 
4.06 
3.99 
3.96 
4.24 
4.09 
3.87 
3.87 
3.66 
3.47 
3.55 
3.39 
3.27 
3.17 
3.10 
3.27 
3.47 
3.39 
3.27 
3.44 
3.47 
3.28 
3.13 
3.27 
3.44 
3.44 
3.47 
3.28 
3.13 
3.27 
3.44 
3.66 
3.87 
3.66 
3.44 
3.36 
3.10 
2.88 
2.72 
2.44 
2.04 
1.63 
1.25 
0.96 
0.68 
0.30 
0.85 
0.43 
0.31 
0.43 
0.68 
0.96 
1.22 
1.52 
1.52 
1.29 
1.36 
1.26 
1.22 
1.10 
0.86 
0.68 
0.43 
0.43 
0.61 
0.86 
0.86 
0.69 
0.61 
0.43 
0.61 
0.86 
1.10 
1.36 
1.26 
1.22 
1.52 
1.72 
1.77 
1.92 
1.92 
1.64 
1.36 
1.29 
1.29 
1.36 
1.55 
1.36 
1.29 
1.52 
1.72 
1.72 
1.52 
1.29 
1.29 
1.29 
1.36 
1.64 
1.92 
2.15 
1.95 
1.72 
1.77 
1.92 
2.14 
2.04 
1.92 
2.14 
2.38 
2.58 
2.62 
2.46 
2.32 
2.51 
2.57 
2.57 
2.57 
2.61 
2.86 
3.12 
3.27 
3.36 
3.10 
2.88 
3.00 
3.13 
3.04 
3.01 
2.88 
2.72 
2.62 
2.81 
3.01 
3.18 
3.27 
3.13 
3.04 
3.18 
3.27 
3.10 
2.88 
2.72 
2.87 
3.03 
3.06 
3.10 
2.88 
3.00 
3.13 
3.04 
3.18 
3.27 
3.10 
3.18 
3.27 
3.13 
3.29 
3.47 
3.27 
3.39 
3.47 
3.55 
3.65 
3.36 
3.39 
3.47 
3.27 
3.34 
3.34 
3.34 
3.36 
3.39 
3.47 
3.56 
3.95 
3.95 
3.95 
3.95 
3.95 
3.96 
4.00 
4.30 
4.27 
4.26 
4.26 
4.24 
4.13 
4.06 
4.00 
3.96 
4.26 
4.56 
4.51 
4.43 
4.35 
4.24 
4.43 
4.35 
4.24 
4.13 
4.06 
4.24 
4.30 
4.32 
4.13 
3.96 
4.08 
3.95 
3.85 
3.87 
3.89 
3.66 
3.44 
3.47 
3.54 
3.39 
3.27 
3.44 
3.44 
3.44 
3.66 
3.87 
3.87 
3.85 
3.67 
3.47 
3.17 
2.88 
2.72 
2.44 
2.42 
2.43 
2.12 
1.82 
1.51 
1.25 
1.09 
0.85 
1.29 
0.86 
0.43 
0.30 
0.43 
0.69 
1.10 
1.36 
1.36 
1.52 
1.72 
1.77 
2.05 
2.32 
2.51 
2.58 
2.81 
3.01 
3.04 
3.13 
3.27 
3.44 
3.34 
3.04 
2.75 
2.51 
2.60 
2.99 
3.13 
3.04 
3.17 
3.27 
3.04 
3.06 
3.10 
2.88 
2.99 
3.04 
2.75 
2.80 
2.88 
2.99 
3.06 
2.74 
2.73 
2.75 
2.80 
2.88 
2.99 
3.04 
3.04 
3.04 
3.04 
3.04 
3.04 
3.04 
3.04 
3.27 
3.18 
3.10 
3.06 
3.04 
3.03 
3.04 
2.87 
2.72 
2.88 
2.80 
2.62 
2.72 
2.88 
2.80 
2.61 
2.71 
2.59 
2.50 
2.57 
2.57 
2.37 
2.18 
2.31 
2.50 
2.61 
2.71 
2.59 
2.49 
2.57 
2.57 
2.37 
2.18 
2.31 
2.31 
2.18 
2.14 
2.14 
2.14 
2.14 
2.18 
2.31 
2.50 
2.57 
2.57 
2.57 
2.57 
2.57 
2.57 
2.57 
2.57 
2.57 
2.57 
2.57 
2.57 
2.57 
2.57 
2.37 
2.18 
2.18 
2.14 
2.14 
2.14 
2.14 
1.91 
1.76 
1.71 
1.94 
2.14 
2.14 
2.14 
2.14 
2.21 
2.31 
2.18 
2.14 
2.14 
2.14 
2.37 
2.57 
2.50 
2.60 
2.71 
2.61 
2.57 
2.57 
2.80 
2.88 
2.99 
3.12 
2.86 
2.61 
2.80 
2.88 
2.72 
2.62 
2.81 
3.01 
2.88 
3.00 
3.13 
3.29 
3.47 
3.44 
3.18 
2.88 
3.00 
3.10 
3.18 
3.27 
3.10 
2.88 
3.00 
3.10 
3.18 
3.27 
3.10 
3.18 
3.27 
3.10 
3.18 
3.27 
3.04 
3.06 
3.10 
3.18 
3.27 
3.04 
3.05 
3.10 
3.17 
3.27 
3.34 
3.34 
3.34 
3.34 
3.34 
3.34 
3.34 
3.36 
3.40 
3.47 
3.56 
3.65 
3.34 
3.34 
3.65 
3.65 
3.65 
3.65 
3.66 
4.00 
4.06 
4.06 
3.95 
3.85 
4.06 
3.99 
3.96 
4.24 
4.09 
3.89 
3.96 
3.80 
3.67 
3.85 
4.06 
3.95 
3.85 
3.89 
3.72 
3.55 
3.67 
3.85 
3.76 
3.67 
3.85 
3.96 
3.72 
3.47 
3.44 
3.47 
3.55 
3.67 
3.85 
3.87 
3.87 
3.87 
3.89 
3.65 
3.34 
3.04 
2.75 
2.51 
2.32 
2.19 
2.38 
2.58 
2.51 
2.32 
2.05 
1.77 
1.63 
1.51 
1.29 
0.43 
0.68 
0.91 
1.25 
1.36 
1.52 
1.94 
2.15 
2.13 
2.12 
2.32 
2.51 
2.45 
2.43 
2.43 
2.43 
2.73 
3.04 
2.87 
2.72 
2.88 
3.10 
3.06 
3.04 
3.34 
3.55 
3.40 
3.27 
3.47 
3.40 
3.27 
3.47 
3.55 
3.67 
3.85 
3.87 
3.87 
3.67 
3.47 
3.54 
3.55 
3.47 
3.24 
3.01 
3.24 
3.44 
3.47 
3.55 
3.67 
3.85 
3.87 
3.87 
3.87 
3.87 
3.87 
3.87 
3.87 
3.87 
3.89 
4.14 
4.24 
4.16 
4.11 
4.11 
4.11 
4.08 
4.06 
4.11 
4.11 
4.06 
4.11 
4.11 
4.07 
4.07 
4.08 
3.95 
3.95 
3.96 
3.69 
3.75 
3.85 
3.95 
3.95 
3.95 
3.95 
3.65 
3.65 
3.70 
3.67 
3.57 
3.47 
3.41 
3.36 
3.35 
3.27 
3.18 
3.10 
3.06 
3.04 
3.04 
3.04 
3.04 
3.03 
3.04 
3.03 
2.86 
2.71 
2.88 
3.09 
2.99 
2.88 
3.09 
2.99 
2.88 
3.03 
3.12 
2.99 
2.88 
3.01 
2.80 
2.58 
2.58 
2.58 
2.58 
2.62 
2.45 
2.32 
2.19 
2.15 
2.15 
1.94 
1.72 
1.72 
1.72 
1.77 
1.92 
2.15 
2.15 
2.15 
2.15 
2.15 
2.15 
2.15 
2.37 
2.58 
2.58 
2.58 
2.58 
2.58 
2.58 
2.58 
2.62 
2.62 
2.80 
3.01 
3.01 
2.88 
2.72 
2.62 
2.58 
2.37 
2.15 
1.94 
1.72 
1.94 
2.15 
2.15 
2.15 
2.15 
2.15 
2.15 
1.92 
1.77 
1.94 
2.15 
2.15 
2.15 
2.15 
2.15 
2.15 
2.15 
2.37 
2.58 
2.51 
2.59 
2.71 
2.61 
2.80 
3.00 
3.00 
3.00 
2.88 
2.71 
2.61 
2.57 
2.57 
2.80 
2.88 
2.71 
2.61 
2.80 
2.88 
2.71 
2.49 
2.30 
2.45 
2.60 
2.57 
2.80 
2.88 
2.71 
2.80 
2.88 
2.72 
2.51 
2.60 
2.72 
2.62 
2.74 
2.75 
2.80 
2.88 
2.72 
2.80 
2.88 
3.00 
3.05 
3.03 
3.04 
2.75 
2.80 
2.88 
3.00 
3.04 
2.73 
2.74 
3.04 
3.04 
2.73 
2.74 
2.75 
2.80 
2.88 
2.99 
3.04 
3.03 
3.04 
3.03 
3.04 
3.04 
3.04 
3.04 
3.04 
3.04 
3.34 
3.34 
3.34 
3.35 
3.36 
3.34 
3.34 
3.34 
3.34 
3.65 
3.56 
3.47 
3.41 
3.27 
3.47 
3.40 
3.36 
3.65 
3.56 
3.47 
3.55 
3.67 
3.56 
3.47 
3.55 
3.40 
3.27 
3.44 
3.47 
3.29 
3.13 
3.27 
3.18 
3.10 
3.27 
3.47 
3.44 
3.47 
3.55 
3.67 
3.85 
3.87 
3.89 
3.89 
3.85 
3.67 
3.55 
3.34 
3.04 
2.73 
2.43 
2.12 
1.82 
1.55 
1.36 
1.53 
1.51 
1.09 
0.67 
0.30 
0.42 
0.67 
0.60 
0.61 
0.91 
0.96 
1.09 
1.29 
1.51 
1.82 
1.82 
1.82 
2.12 
2.14 
2.12 
2.32 
2.51 
2.46 
2.32 
2.51 
2.45 
2.32 
2.51 
2.45 
2.43 
2.72 
2.88 
2.80 
2.62 
2.72 
2.60 
2.51 
2.72 
2.88 
2.80 
2.57 
2.61 
2.71 
2.88 
3.00 
3.03 
2.86 
2.71 
2.99 
3.26 
3.17 
3.00 
3.00 
3.23 
3.43 
3.23 
3.00 
3.00 
3.00 
3.00 
3.00 
3.00 
3.00 
3.00 
3.00 
3.00 
3.23 
3.43 
3.43 
3.43 
3.66 
3.84 
3.66 
3.54 
3.46 
3.43 
3.66 
3.84 
3.66 
3.81 
3.95 
4.13 
4.24 
4.05 
4.14 
4.23 
4.35 
4.42 
4.23 
3.95 
3.95 
3.95 
3.95 
3.95 
3.95 
3.95 
3.95 
3.95 
3.65 
3.64 
3.65 
3.34 
3.34 
3.36 
3.39 
3.40 
3.35 
3.34 
3.34 
3.34 
3.27 
3.17 
3.09 
3.06 
3.03 
3.34 
3.34 
3.27 
3.17 
3.09 
3.27 
3.17 
3.10 
3.27 
3.17 
3.04 
3.13 
3.27 
3.17 
3.01 
3.04 
2.86 
2.72 
2.88 
3.04 
2.86 
2.72 
2.88 
3.01 
2.80 
2.58 
2.62 
2.72 
2.88 
3.01 
3.01 
3.01 
2.80 
2.58 
2.62 
2.72 
2.88 
3.01 
2.80 
2.58 
2.58 
2.58 
2.58 
2.62 
2.72 
2.72 
2.62 
2.58 
2.58 
2.62 
2.72 
2.62 
2.58 
2.51 
2.32 
2.45 
2.62 
2.80 
3.01 
3.01 
3.17 
3.27 
3.13 
3.04 
3.01 
2.80 
2.51 
2.32 
2.19 
2.15 
2.15 
2.21 
2.59 
2.72 
2.51 
2.32 
2.19 
2.37 
2.58 
2.58 
2.58 
2.58 
2.58 
2.58 
2.37 
2.15 
2.15 
2.15 
2.15 
2.19 
2.37 
2.58 
2.58 
2.43 
2.15 
1.92 
2.04 
2.19 
2.15 
2.21 
2.32 
2.19 
2.37 
2.57 
2.57 
2.50 
2.31 
2.18 
2.37 
2.57 
2.49 
2.59 
2.71 
2.61 
2.80 
3.00 
2.88 
2.71 
2.61 
2.80 
2.88 
2.99 
3.09 
2.88 
2.99 
3.04 
2.74 
2.74 
2.75 
2.51 
2.60 
2.72 
2.51 
2.60 
2.72 
2.80 
2.88 
3.00 
3.04 
2.73 
2.74 
2.73 
2.74 
2.73 
2.74 
2.73 
2.74 
2.75 
2.75 
2.73 
2.74 
2.75 
2.80 
2.88 
2.99 
2.99 
2.88 
2.80 
2.75 
3.04 
3.03 
3.04 
3.03 
3.04 
3.03 
3.04 
3.03 
3.04 
3.00 
2.88 
3.10 
3.06 
3.04 
3.34 
3.35 
3.27 
3.18 
3.10 
3.27 
3.18 
3.10 
3.00 
2.88 
3.10 
3.00 
2.88 
3.04 
3.13 
3.00 
2.88 
3.04 
3.13 
3.00 
2.88 
3.04 
3.13 
3.27 
3.18 
3.10 
3.27 
3.45 
3.43 
3.43 
3.17 
2.88 
2.71 
2.61 
2.57 
2.57 
2.45 
2.13 
1.82 
1.55 
1.64 
1.77 
1.51 
1.22 
0.91 
0.92 
0.91 
0.61 
0.30 
0.30 
0.43 
0.69 
0.96 
0.92 
0.91 
1.22 
1.22 
1.25 
1.36 
1.51 
1.77 
1.64 
1.55 
1.82 
1.82 
1.82 
2.12 
2.05 
1.92 
2.15 
2.04 
1.92 
2.15 
2.32 
2.22 
2.15 
2.19 
2.04 
1.92 
2.15 
2.19 
2.04 
1.92 
2.14 
1.94 
1.76 
1.91 
2.14 
2.18 
2.31 
2.49 
2.37 
2.14 
2.14 
2.14 
2.18 
2.31 
2.50 
2.50 
2.31 
2.18 
2.14 
2.18 
2.31 
2.50 
2.31 
2.18 
2.14 
2.37 
2.57 
2.57 
2.57 
2.57 
2.80 
3.00 
2.88 
2.99 
3.09 
2.88 
2.71 
2.51 
2.60 
2.72 
2.62 
2.81 
3.01 
3.01 
3.18 
3.27 
3.40 
3.47 
3.27 
3.34 
3.34 
3.34 
3.34 
3.04 
3.04 
3.04 
3.04 
3.04 
3.04 
3.04 
3.06 
3.10 
3.17 
3.27 
3.34 
3.34 
3.34 
3.34 
3.27 
3.17 
3.09 
3.06 
3.03 
2.99 
2.88 
3.09 
2.99 
2.88 
2.80 
2.72 
2.60 
2.51 
2.75 
3.04 
2.99 
2.88 
3.04 
2.86 
2.72 
2.88 
2.80 
2.58 
2.62 
2.45 
2.32 
2.51 
2.58 
2.62 
2.45 
2.32 
2.51 
2.72 
2.88 
3.01 
3.01 
2.80 
2.58 
2.58 
2.58 
2.58 
2.58 
2.62 
2.72 
2.60 
2.51 
2.58 
2.58 
2.58 
2.58 
2.58 
2.62 
2.72 
2.60 
2.51 
2.58 
2.58 
2.58 
2.58 
2.58 
2.58 
2.58 
2.80 
2.88 
2.72 
2.51 
2.32 
2.13 
1.82 
1.55 
1.63 
1.77 
1.72 
1.72 
1.52 
1.51 
1.54 
1.36 
1.29 
1.51 
1.55 
1.36 
1.51 
1.72 
1.55 
1.36 
1.51 
1.72 
1.55 
1.36 
1.29 
1.51 
1.72 
1.72 
1.72 
1.77 
1.92 
2.15 
2.15 
2.15 
2.21 
2.32 
2.19 
2.13 
1.82 
1.55 
1.63 
1.77 
1.72 
1.94 
2.14 
2.14 
1.91 
1.76 
1.94 
2.14 
2.14 
1.91 
2.03 
2.18 
2.14 
2.21 
2.31 
2.18 
2.14 
2.14 
2.21 
2.31 
2.18 
2.37 
2.51 
2.32 
2.45 
2.62 
2.74 
2.75 
2.51 
2.60 
2.72 
2.62 
2.74 
2.73 
2.74 
2.73 
2.74 
3.06 
3.10 
3.18 
3.27 
3.04 
3.04 
3.04 
3.04 
3.04 
3.04 
3.04 
3.03 
3.04 
3.03 
3.34 
3.34 
3.34 
3.34 
3.34 
3.34 
3.34 
3.34 
3.27 
3.17 
3.10 
3.06 
3.04 
2.99 
2.88 
2.81 
2.75 
3.04 
3.00 
2.88 
3.10 
3.00 
2.88 
2.81 
2.75 
3.04 
2.87 
2.72 
2.60 
2.51 
2.72 
2.60 
2.51 
2.58 
2.58 
2.38 
2.19 
2.04 
1.92 
2.15 
2.19 
2.04 
1.92 
1.77 
1.51 
1.22 
0.91 
0.60 
0.30 
0.30 
0.30 
0.43 
0.61 
0.91 
0.92 
0.91 
1.22 
1.21 
1.22 
1.36 
1.26 
1.22 
1.36 
1.55 
1.52 
1.36 
1.55 
1.72 
1.52 
1.36 
1.55 
1.72 
1.72 
1.77 
1.64 
1.55 
1.71 
1.71 
1.71 
1.76 
1.76 
1.71 
1.76 
1.91 
1.85 
1.71 
1.71 
1.71 
1.71 
1.71 
1.54 
1.35 
1.28 
1.28 
1.28 
1.51 
1.71 
1.71 
1.71 
1.86 
1.92 
1.77 
1.72 
1.72 
1.86 
1.92 
1.77 
1.72 
1.72 
1.86 
1.92 
1.77 
1.95 
2.15 
2.14 
2.22 
2.32 
2.19 
2.38 
2.43 
2.45 
2.51 
2.60 
2.72 
2.74 
2.75 
2.80 
2.88 
2.72 
2.72 
2.60 
2.22 
2.15 
2.43 
2.73 
2.74 
2.43 
2.31 
2.21 
2.14 
2.43 
2.43 
2.44 
2.45 
2.04 
1.91 
2.14 
2.31 
2.21 
1.85 
1.82 
2.13 
2.32 
2.21 
1.85 
1.77 
1.92 
2.15 
2.32 
2.21 
2.15 
2.19 
2.03 
1.92 
2.15 
1.94 
1.77 
1.92 
1.84 
1.72 
1.72 
1.72 
1.77 
1.92 
1.84 
1.72 
1.72 
1.72 
1.77 
1.92 
2.14 
2.15 
2.15 
1.94 
1.72 
1.72 
1.72 
1.72 
1.72 
1.72 
1.72 
1.72 
1.72 
1.72 
1.72 
1.55 
1.36 
1.51 
1.72 
1.72 
1.72 
1.72 
1.72 
1.55 
1.36 
1.52 
1.72 
1.72 
1.72 
1.55 
1.36 
1.29 
1.51 
1.55 
1.36 
1.29 
1.22 
0.96 
0.69 
0.61 
0.61 
0.43 
0.31 
0.30 
0.31 
0.69 
0.86 
1.10 
1.36 
1.55 
1.72 
1.55 
1.36 
1.53 
1.55 
1.36 
1.29 
1.52 
1.55 
1.36 
1.53 
1.72 
1.72 
1.82 
1.82 
1.55 
1.64 
1.77 
1.82 
1.82 
1.55 
1.64 
1.77 
1.82 
2.13 
2.13 
1.82 
1.82 
1.82 
1.82 
1.82 
1.77 
1.64 
1.55 
1.53 
1.51 
1.55 
1.63 
1.92 
1.86 
1.82 
1.82 
1.84 
1.92 
1.91 
1.85 
1.76 
1.63 
1.55 
1.77 
1.63 
1.55 
1.52 
1.52 
1.51 
1.29 
1.36 
1.25 
1.22 
1.52 
1.72 
1.51 
1.36 
1.55 
1.51 
1.29 
1.36 
1.55 
1.51 
1.29 
1.29 
1.29 
1.29 
1.09 
0.96 
1.21 
0.96 
0.86 
0.86 
0.69 
0.43 
0.31 
